Date	Data	Err-	Err+
1850-01-01	-0.7337	0.1515	0.1515
1850-02-01	-0.3604	0.1790	0.1790
1850-03-01	-0.6271	0.1664	0.1664
1850-04-01	-0.6053	0.1423	0.1423
1850-05-01	-0.5315	0.1230	0.1230
1850-06-01	-0.3517	0.1302	0.1302
1850-07-01	-0.1755	0.1183	0.1183
1850-08-01	-0.2235	0.1258	0.1258
1850-09-01	-0.3938	0.1297	0.1297
1850-10-01	-0.5162	0.1240	0.1240
1850-11-01	-0.2765	0.1296	0.1296
1850-12-01	-0.3224	0.1396	0.1396
1851-01-01	-0.2656	0.1492	0.1492
1851-02-01	-0.4673	0.1606	0.1606
1851-03-01	-0.6410	0.1472	0.1472
1851-04-01	-0.5283	0.1392	0.1392
1851-05-01	-0.2218	0.1322	0.1322
1851-06-01	-0.2073	0.1364	0.1364
1851-07-01	-0.1364	0.1187	0.1187
1851-08-01	-0.1476	0.1278	0.1278
1851-09-01	-0.1460	0.1343	0.1343
1851-10-01	-0.0453	0.1309	0.1309
1851-11-01	-0.1077	0.1497	0.1497
1851-12-01	-0.2479	0.1569	0.1569
1852-01-01	-0.3459	0.1510	0.1510
1852-02-01	-0.4964	0.1667	0.1667
1852-03-01	-0.5669	0.1515	0.1515
1852-04-01	-0.5746	0.1325	0.1325
1852-05-01	-0.1126	0.1254	0.1254
1852-06-01	-0.0772	0.1249	0.1249
1852-07-01	0.0090	0.1151	0.1151
1852-08-01	-0.1490	0.1224	0.1224
1852-09-01	-0.0064	0.1253	0.1253
1852-10-01	-0.1576	0.1135	0.1135
1852-11-01	-0.2752	0.1309	0.1309
1852-12-01	0.0643	0.1369	0.1369
1853-01-01	-0.2042	0.1443	0.1443
1853-02-01	-0.3986	0.1514	0.1514
1853-03-01	-0.2726	0.1452	0.1452
1853-04-01	-0.4011	0.1338	0.1338
1853-05-01	-0.2701	0.1175	0.1175
1853-06-01	-0.1243	0.1223	0.1223
1853-07-01	-0.0719	0.1054	0.1054
1853-08-01	-0.0398	0.1170	0.1170
1853-09-01	-0.2664	0.1102	0.1102
1853-10-01	-0.3728	0.1082	0.1082
1853-11-01	-0.4008	0.1312	0.1312
1853-12-01	-0.3256	0.1482	0.1482
1854-01-01	-0.4025	0.1246	0.1246
1854-02-01	-0.3916	0.1393	0.1393
1854-03-01	-0.2471	0.1368	0.1368
1854-04-01	-0.3270	0.1096	0.1096
1854-05-01	-0.2774	0.1006	0.1006
1854-06-01	-0.3021	0.1141	0.1141
1854-07-01	-0.1619	0.1032	0.1032
1854-08-01	-0.2326	0.1038	0.1038
1854-09-01	-0.2158	0.1042	0.1042
1854-10-01	-0.0993	0.0880	0.0880
1854-11-01	-0.4121	0.1328	0.1328
1854-12-01	-0.4537	0.1355	0.1355
1855-01-01	-0.1703	0.1269	0.1269
1855-02-01	-0.3129	0.1373	0.1373
1855-03-01	-0.3449	0.1391	0.1391
1855-04-01	-0.2106	0.1092	0.1092
1855-05-01	-0.3684	0.1025	0.1025
1855-06-01	-0.3330	0.1097	0.1097
1855-07-01	-0.3146	0.0983	0.0983
1855-08-01	-0.2018	0.1055	0.1055
1855-09-01	-0.2586	0.0936	0.0936
1855-10-01	-0.2000	0.1002	0.1002
1855-11-01	-0.3738	0.1237	0.1237
1855-12-01	-0.4077	0.1278	0.1278
1856-01-01	-0.0828	0.1169	0.1169
1856-02-01	-0.3472	0.1310	0.1310
1856-03-01	-0.3712	0.1338	0.1338
1856-04-01	-0.3145	0.1026	0.1026
1856-05-01	-0.2925	0.1029	0.1029
1856-06-01	-0.2252	0.1109	0.1109
1856-07-01	-0.2229	0.1010	0.1010
1856-08-01	-0.2486	0.1087	0.1087
1856-09-01	-0.4018	0.1051	0.1051
1856-10-01	-0.4460	0.0996	0.0996
1856-11-01	-0.5613	0.1272	0.1272
1856-12-01	-0.4231	0.1370	0.1370
1857-01-01	-0.4943	0.1126	0.1126
1857-02-01	-0.4419	0.1313	0.1313
1857-03-01	-0.4883	0.1408	0.1408
1857-04-01	-0.6748	0.1193	0.1193
1857-05-01	-0.6539	0.1039	0.1039
1857-06-01	-0.2912	0.1114	0.1114
1857-07-01	-0.4041	0.1038	0.1038
1857-08-01	-0.3556	0.1133	0.1133
1857-09-01	-0.3683	0.1038	0.1038
1857-10-01	-0.4670	0.1058	0.1058
1857-11-01	-0.6621	0.1288	0.1288
1857-12-01	-0.2888	0.1326	0.1326
1858-01-01	-0.3361	0.1275	0.1275
1858-02-01	-0.4876	0.1394	0.1394
1858-03-01	-0.5661	0.1456	0.1456
1858-04-01	-0.4297	0.1164	0.1164
1858-05-01	-0.5225	0.1063	0.1063
1858-06-01	-0.3600	0.1173	0.1173
1858-07-01	-0.3405	0.1089	0.1089
1858-08-01	-0.2875	0.1090	0.1090
1858-09-01	-0.2801	0.1054	0.1054
1858-10-01	-0.2918	0.1024	0.1024
1858-11-01	-0.4044	0.1335	0.1335
1858-12-01	-0.4546	0.1369	0.1369
1859-01-01	-0.4054	0.1170	0.1170
1859-02-01	-0.3508	0.1230	0.1230
1859-03-01	-0.3224	0.1353	0.1353
1859-04-01	-0.1890	0.1095	0.1095
1859-05-01	-0.1699	0.1021	0.1021
1859-06-01	-0.2401	0.1109	0.1109
1859-07-01	-0.2905	0.0912	0.0912
1859-08-01	-0.2664	0.1103	0.1103
1859-09-01	-0.4007	0.1030	0.1030
1859-10-01	-0.2471	0.1064	0.1064
1859-11-01	-0.3101	0.1261	0.1261
1859-12-01	-0.3114	0.1392	0.1392
1860-01-01	-0.3904	0.1319	0.1319
1860-02-01	-0.4784	0.1596	0.1596
1860-03-01	-0.7893	0.1709	0.1709
1860-04-01	-0.3096	0.1147	0.1147
1860-05-01	-0.3711	0.1077	0.1077
1860-06-01	-0.2128	0.1211	0.1211
1860-07-01	-0.2110	0.1108	0.1108
1860-08-01	-0.1366	0.1301	0.1301
1860-09-01	-0.1765	0.1147	0.1147
1860-10-01	-0.3911	0.1053	0.1053
1860-11-01	-0.6222	0.1209	0.1209
1860-12-01	-0.7965	0.1309	0.1309
1861-01-01	-0.9052	0.1425	0.1425
1861-02-01	-0.6805	0.1850	0.1850
1861-03-01	-0.4216	0.2028	0.2028
1861-04-01	-0.3964	0.1637	0.1637
1861-05-01	-0.6967	0.1595	0.1595
1861-06-01	-0.2724	0.1429	0.1429
1861-07-01	-0.3490	0.1265	0.1265
1861-08-01	-0.0976	0.1270	0.1270
1861-09-01	-0.3337	0.1209	0.1209
1861-10-01	-0.5158	0.0991	0.0991
1861-11-01	-0.4877	0.1207	0.1207
1861-12-01	-0.4078	0.1555	0.1555
1862-01-01	-0.8303	0.1542	0.1542
1862-02-01	-0.7971	0.1913	0.1913
1862-03-01	-0.5376	0.2009	0.2009
1862-04-01	-0.5328	0.1508	0.1508
1862-05-01	-0.3448	0.1448	0.1448
1862-06-01	-0.2752	0.1245	0.1245
1862-07-01	-0.3561	0.1224	0.1224
1862-08-01	-0.5005	0.1329	0.1329
1862-09-01	-0.3993	0.1135	0.1135
1862-10-01	-0.5010	0.1068	0.1068
1862-11-01	-0.6849	0.1278	0.1278
1862-12-01	-0.8983	0.1501	0.1501
1863-01-01	-0.0872	0.1550	0.1550
1863-02-01	-0.2836	0.2076	0.2076
1863-03-01	-0.4144	0.1789	0.1789
1863-04-01	-0.3359	0.1561	0.1561
1863-05-01	-0.3909	0.1406	0.1406
1863-06-01	-0.4184	0.1342	0.1342
1863-07-01	-0.3569	0.1417	0.1417
1863-08-01	-0.3350	0.1399	0.1399
1863-09-01	-0.4046	0.1353	0.1353
1863-10-01	-0.5606	0.1201	0.1201
1863-11-01	-0.5001	0.1252	0.1252
1863-12-01	-0.5064	0.1576	0.1576
1864-01-01	-0.8249	0.1732	0.1732
1864-02-01	-0.6053	0.2155	0.2155
1864-03-01	-0.5314	0.1943	0.1943
1864-04-01	-0.5567	0.1643	0.1643
1864-05-01	-0.3460	0.1506	0.1506
1864-06-01	-0.1159	0.1362	0.1362
1864-07-01	-0.2875	0.1362	0.1362
1864-08-01	-0.3439	0.1367	0.1367
1864-09-01	-0.5260	0.1286	0.1286
1864-10-01	-0.6723	0.1135	0.1135
1864-11-01	-0.4921	0.1257	0.1257
1864-12-01	-0.6274	0.1550	0.1550
1865-01-01	-0.2297	0.1618	0.1618
1865-02-01	-0.5129	0.2302	0.2302
1865-03-01	-0.7171	0.2152	0.2152
1865-04-01	-0.5454	0.1648	0.1648
1865-05-01	-0.4949	0.1476	0.1476
1865-06-01	-0.2513	0.1326	0.1326
1865-07-01	-0.2965	0.1386	0.1386
1865-08-01	-0.2469	0.1334	0.1334
1865-09-01	-0.2326	0.1342	0.1342
1865-10-01	-0.3287	0.1277	0.1277
1865-11-01	-0.3380	0.1301	0.1301
1865-12-01	-0.5129	0.1620	0.1620
1866-01-01	-0.2304	0.1670	0.1670
1866-02-01	-0.4721	0.1831	0.1831
1866-03-01	-0.7483	0.1943	0.1943
1866-04-01	-0.5492	0.1633	0.1633
1866-05-01	-0.5993	0.1572	0.1572
1866-06-01	-0.1297	0.1365	0.1365
1866-07-01	-0.0532	0.1302	0.1302
1866-08-01	-0.2914	0.1322	0.1322
1866-09-01	-0.4619	0.1308	0.1308
1866-10-01	-0.4598	0.1123	0.1123
1866-11-01	-0.3634	0.1193	0.1193
1866-12-01	-0.4433	0.1483	0.1483
1867-01-01	-0.5012	0.1682	0.1682
1867-02-01	-0.4076	0.2081	0.2081
1867-03-01	-0.7115	0.1877	0.1877
1867-04-01	-0.4893	0.1599	0.1599
1867-05-01	-0.6158	0.1574	0.1574
1867-06-01	-0.3497	0.1406	0.1406
1867-07-01	-0.2586	0.1331	0.1331
1867-08-01	-0.3253	0.1397	0.1397
1867-09-01	-0.1938	0.1297	0.1297
1867-10-01	-0.1567	0.1179	0.1179
1867-11-01	-0.2908	0.1228	0.1228
1867-12-01	-0.4925	0.1435	0.1435
1868-01-01	-0.7066	0.1805	0.1805
1868-02-01	-0.7107	0.2088	0.2088
1868-03-01	-0.3315	0.1929	0.1929
1868-04-01	-0.3836	0.1519	0.1519
1868-05-01	-0.2822	0.1542	0.1542
1868-06-01	-0.2976	0.1267	0.1267
1868-07-01	-0.0465	0.1227	0.1227
1868-08-01	-0.1950	0.1326	0.1326
1868-09-01	-0.3750	0.1109	0.1109
1868-10-01	-0.2431	0.1009	0.1009
1868-11-01	-0.4506	0.1244	0.1244
1868-12-01	-0.3350	0.1316	0.1316
1869-01-01	-0.3041	0.1509	0.1509
1869-02-01	0.1374	0.1646	0.1646
1869-03-01	-0.6509	0.1667	0.1667
1869-04-01	-0.4116	0.1490	0.1490
1869-05-01	-0.3108	0.1305	0.1305
1869-06-01	-0.3964	0.1294	0.1294
1869-07-01	-0.4317	0.1219	0.1219
1869-08-01	-0.1784	0.1284	0.1284
1869-09-01	-0.1691	0.1044	0.1044
1869-10-01	-0.2909	0.0844	0.0844
1869-11-01	-0.2911	0.0990	0.0990
1869-12-01	-0.5246	0.1235	0.1235
1870-01-01	-0.2144	0.1145	0.1145
1870-02-01	-0.4571	0.1172	0.1172
1870-03-01	-0.4953	0.1332	0.1332
1870-04-01	-0.3571	0.1206	0.1206
1870-05-01	-0.3039	0.1237	0.1237
1870-06-01	-0.2068	0.1156	0.1156
1870-07-01	-0.0832	0.1068	0.1068
1870-08-01	-0.2555	0.1281	0.1281
1870-09-01	-0.2018	0.1090	0.1090
1870-10-01	-0.4278	0.1099	0.1099
1870-11-01	-0.2553	0.1123	0.1123
1870-12-01	-0.6750	0.1393	0.1393
1871-01-01	-0.5915	0.1367	0.1367
1871-02-01	-0.6884	0.1466	0.1466
1871-03-01	-0.1714	0.1545	0.1545
1871-04-01	-0.2224	0.1161	0.1161
1871-05-01	-0.3484	0.1244	0.1244
1871-06-01	-0.2698	0.1195	0.1195
1871-07-01	-0.0727	0.1103	0.1103
1871-08-01	-0.3237	0.1124	0.1124
1871-09-01	-0.3571	0.1058	0.1058
1871-10-01	-0.3734	0.0948	0.0948
1871-11-01	-0.5423	0.1184	0.1184
1871-12-01	-0.5201	0.1386	0.1386
1872-01-01	-0.5939	0.1271	0.1271
1872-02-01	-0.6274	0.1394	0.1394
1872-03-01	-0.5185	0.1463	0.1463
1872-04-01	-0.3662	0.1276	0.1276
1872-05-01	-0.1213	0.1156	0.1156
1872-06-01	-0.2669	0.1108	0.1108
1872-07-01	-0.1095	0.1060	0.1060
1872-08-01	0.0327	0.1180	0.1180
1872-09-01	-0.1553	0.0991	0.0991
1872-10-01	-0.1744	0.0874	0.0874
1872-11-01	-0.2919	0.0954	0.0954
1872-12-01	-0.5209	0.1184	0.1184
1873-01-01	-0.2368	0.1117	0.1117
1873-02-01	-0.2724	0.1446	0.1446
1873-03-01	-0.3901	0.1198	0.1198
1873-04-01	-0.4621	0.1087	0.1087
1873-05-01	-0.3187	0.1073	0.1073
1873-06-01	-0.2967	0.1078	0.1078
1873-07-01	-0.1578	0.1081	0.1081
1873-08-01	-0.2166	0.1026	0.1026
1873-09-01	-0.3776	0.1004	0.1004
1873-10-01	-0.3765	0.0881	0.0881
1873-11-01	-0.4293	0.1002	0.1002
1873-12-01	-0.3195	0.1332	0.1332
1874-01-01	-0.1817	0.1266	0.1266
1874-02-01	-0.4286	0.1196	0.1196
1874-03-01	-0.6643	0.1274	0.1274
1874-04-01	-0.4215	0.1082	0.1082
1874-05-01	-0.3108	0.1273	0.1273
1874-06-01	-0.5556	0.1148	0.1148
1874-07-01	-0.1706	0.1068	0.1068
1874-08-01	-0.2875	0.1152	0.1152
1874-09-01	-0.1597	0.0939	0.0939
1874-10-01	-0.4668	0.0860	0.0860
1874-11-01	-0.4218	0.1063	0.1063
1874-12-01	-0.3160	0.1257	0.1257
1875-01-01	-0.5756	0.1111	0.1111
1875-02-01	-0.4427	0.1181	0.1181
1875-03-01	-0.5592	0.1145	0.1145
1875-04-01	-0.3403	0.1051	0.1051
1875-05-01	-0.2512	0.1015	0.1015
1875-06-01	-0.2650	0.1087	0.1087
1875-07-01	-0.1809	0.1009	0.1009
1875-08-01	-0.2272	0.1151	0.1151
1875-09-01	-0.2368	0.1033	0.1033
1875-10-01	-0.2297	0.0872	0.0872
1875-11-01	-0.5070	0.1059	0.1059
1875-12-01	-0.5855	0.1126	0.1126
1876-01-01	-0.5027	0.1085	0.1085
1876-02-01	-0.3276	0.1110	0.1110
1876-03-01	-0.3379	0.1354	0.1354
1876-04-01	-0.3943	0.1154	0.1154
1876-05-01	-0.5482	0.1087	0.1087
1876-06-01	-0.3242	0.1107	0.1107
1876-07-01	-0.2006	0.0995	0.0995
1876-08-01	-0.3257	0.1192	0.1192
1876-09-01	-0.4358	0.1115	0.1115
1876-10-01	-0.3057	0.0906	0.0906
1876-11-01	-0.6008	0.1038	0.1038
1876-12-01	-0.6268	0.1262	0.1262
1877-01-01	-0.4090	0.1042	0.1042
1877-02-01	-0.1948	0.1079	0.1079
1877-03-01	-0.0702	0.1092	0.1092
1877-04-01	-0.3158	0.1024	0.1024
1877-05-01	-0.4035	0.1014	0.1014
1877-06-01	-0.1095	0.1076	0.1076
1877-07-01	0.0166	0.1053	0.1053
1877-08-01	0.2297	0.1109	0.1109
1877-09-01	0.1274	0.0927	0.0927
1877-10-01	0.1246	0.0946	0.0946
1877-11-01	0.0430	0.0941	0.0941
1877-12-01	-0.0277	0.1166	0.1166
1878-01-01	-0.0405	0.0970	0.0970
1878-02-01	0.2612	0.1092	0.1092
1878-03-01	0.4030	0.1205	0.1205
1878-04-01	0.2096	0.0962	0.0962
1878-05-01	-0.0917	0.1046	0.1046
1878-06-01	0.0182	0.1081	0.1081
1878-07-01	-0.0617	0.1029	0.1029
1878-08-01	-0.0449	0.1082	0.1082
1878-09-01	0.0278	0.0922	0.0922
1878-10-01	-0.1477	0.0863	0.0863
1878-11-01	-0.1189	0.1017	0.1017
1878-12-01	-0.2904	0.1146	0.1146
1879-01-01	-0.2122	0.1049	0.1049
1879-02-01	-0.2373	0.1120	0.1120
1879-03-01	-0.2468	0.1120	0.1120
1879-04-01	-0.3566	0.1030	0.1030
1879-05-01	-0.3301	0.0941	0.0941
1879-06-01	-0.2498	0.0963	0.0963
1879-07-01	-0.2727	0.0973	0.0973
1879-08-01	-0.2622	0.1075	0.1075
1879-09-01	-0.2290	0.0926	0.0926
1879-10-01	-0.1503	0.0889	0.0889
1879-11-01	-0.3754	0.1133	0.1133
1879-12-01	-0.5423	0.1303	0.1303
1880-01-01	-0.3816	0.1041	0.1041
1880-02-01	-0.4331	0.1030	0.1030
1880-03-01	-0.1816	0.1197	0.1197
1880-04-01	-0.3249	0.1152	0.1152
1880-05-01	-0.3183	0.0991	0.0991
1880-06-01	-0.3668	0.0950	0.0950
1880-07-01	-0.3200	0.0916	0.0916
1880-08-01	-0.0949	0.1041	0.1041
1880-09-01	-0.2884	0.0906	0.0906
1880-10-01	-0.3753	0.0748	0.0748
1880-11-01	-0.2591	0.1038	0.1038
1880-12-01	-0.2940	0.1295	0.1295
1881-01-01	-0.1739	0.1014	0.1014
1881-02-01	-0.1996	0.1067	0.1067
1881-03-01	-0.2154	0.1116	0.1116
1881-04-01	-0.0534	0.0908	0.0908
1881-05-01	-0.0987	0.0990	0.0990
1881-06-01	-0.3896	0.1024	0.1024
1881-07-01	-0.1827	0.0954	0.0954
1881-08-01	-0.1318	0.1040	0.1040
1881-09-01	-0.2867	0.0882	0.0882
1881-10-01	-0.2170	0.0791	0.0791
1881-11-01	-0.3699	0.0979	0.0979
1881-12-01	-0.2374	0.1094	0.1094
1882-01-01	-0.0118	0.0901	0.0901
1882-02-01	-0.0981	0.0899	0.0899
1882-03-01	-0.1460	0.0959	0.0959
1882-04-01	-0.2892	0.0876	0.0876
1882-05-01	-0.2898	0.0896	0.0896
1882-06-01	-0.3581	0.0973	0.0973
1882-07-01	-0.3078	0.0923	0.0923
1882-08-01	-0.2239	0.1050	0.1050
1882-09-01	-0.1453	0.0905	0.0905
1882-10-01	-0.3824	0.0806	0.0806
1882-11-01	-0.3851	0.0958	0.0958
1882-12-01	-0.6278	0.1139	0.1139
1883-01-01	-0.4403	0.0837	0.0837
1883-02-01	-0.4484	0.0921	0.0921
1883-03-01	-0.2487	0.0873	0.0873
1883-04-01	-0.4166	0.0838	0.0838
1883-05-01	-0.3235	0.0903	0.0903
1883-06-01	-0.1592	0.0950	0.0950
1883-07-01	-0.2155	0.0820	0.0820
1883-08-01	-0.2777	0.0969	0.0969
1883-09-01	-0.3012	0.0801	0.0801
1883-10-01	-0.3232	0.0742	0.0742
1883-11-01	-0.3733	0.0954	0.0954
1883-12-01	-0.4031	0.1081	0.1081
1884-01-01	-0.4260	0.0964	0.0964
1884-02-01	-0.3104	0.0888	0.0888
1884-03-01	-0.4914	0.0955	0.0955
1884-04-01	-0.4687	0.0822	0.0822
1884-05-01	-0.5461	0.0799	0.0799
1884-06-01	-0.4881	0.0901	0.0901
1884-07-01	-0.5557	0.0836	0.0836
1884-08-01	-0.4198	0.0954	0.0954
1884-09-01	-0.4978	0.0794	0.0794
1884-10-01	-0.4483	0.0742	0.0742
1884-11-01	-0.5693	0.0967	0.0967
1884-12-01	-0.4720	0.1118	0.1118
1885-01-01	-0.6448	0.0896	0.0896
1885-02-01	-0.5387	0.0909	0.0909
1885-03-01	-0.4076	0.0856	0.0856
1885-04-01	-0.6183	0.0754	0.0754
1885-05-01	-0.5920	0.0832	0.0832
1885-06-01	-0.6259	0.0926	0.0926
1885-07-01	-0.4087	0.0853	0.0853
1885-08-01	-0.3961	0.0937	0.0937
1885-09-01	-0.3477	0.0819	0.0819
1885-10-01	-0.3461	0.0743	0.0743
1885-11-01	-0.3678	0.0832	0.0832
1885-12-01	-0.2040	0.1066	0.1066
1886-01-01	-0.4579	0.0765	0.0765
1886-02-01	-0.4703	0.0746	0.0746
1886-03-01	-0.4666	0.0742	0.0742
1886-04-01	-0.3433	0.0728	0.0728
1886-05-01	-0.2794	0.0843	0.0843
1886-06-01	-0.4983	0.0882	0.0882
1886-07-01	-0.2972	0.0785	0.0785
1886-08-01	-0.4495	0.0976	0.0976
1886-09-01	-0.3802	0.0778	0.0778
1886-10-01	-0.3992	0.0744	0.0744
1886-11-01	-0.4756	0.0856	0.0856
1886-12-01	-0.3806	0.1057	0.1057
1887-01-01	-0.7341	0.0791	0.0791
1887-02-01	-0.6458	0.0784	0.0784
1887-03-01	-0.4351	0.0785	0.0785
1887-04-01	-0.4730	0.0770	0.0770
1887-05-01	-0.5125	0.0889	0.0889
1887-06-01	-0.5117	0.0956	0.0956
1887-07-01	-0.3789	0.0841	0.0841
1887-08-01	-0.4383	0.0983	0.0983
1887-09-01	-0.3789	0.0835	0.0835
1887-10-01	-0.4344	0.0763	0.0763
1887-11-01	-0.4282	0.0870	0.0870
1887-12-01	-0.4893	0.1028	0.1028
1888-01-01	-0.6151	0.0833	0.0833
1888-02-01	-0.5852	0.0890	0.0890
1888-03-01	-0.5926	0.0912	0.0912
1888-04-01	-0.3435	0.0801	0.0801
1888-05-01	-0.3986	0.0896	0.0896
1888-06-01	-0.3146	0.0906	0.0906
1888-07-01	-0.3349	0.0850	0.0850
1888-08-01	-0.3038	0.0983	0.0983
1888-09-01	-0.3202	0.0848	0.0848
1888-10-01	-0.1580	0.0800	0.0800
1888-11-01	-0.2564	0.0894	0.0894
1888-12-01	-0.2482	0.1079	0.1079
1889-01-01	-0.2939	0.0909	0.0909
1889-02-01	-0.0052	0.0927	0.0927
1889-03-01	-0.0793	0.0960	0.0960
1889-04-01	-0.0821	0.0824	0.0824
1889-05-01	-0.1575	0.0893	0.0893
1889-06-01	-0.2160	0.0979	0.0979
1889-07-01	-0.2910	0.0917	0.0917
1889-08-01	-0.3151	0.1002	0.1002
1889-09-01	-0.3493	0.0859	0.0859
1889-10-01	-0.3608	0.0824	0.0824
1889-11-01	-0.5087	0.0839	0.0839
1889-12-01	-0.3460	0.1029	0.1029
1890-01-01	-0.5159	0.0773	0.0773
1890-02-01	-0.4486	0.0890	0.0890
1890-03-01	-0.6164	0.0924	0.0924
1890-04-01	-0.4919	0.0938	0.0938
1890-05-01	-0.5295	0.0916	0.0916
1890-06-01	-0.4847	0.0974	0.0974
1890-07-01	-0.4858	0.0890	0.0890
1890-08-01	-0.4688	0.1032	0.1032
1890-09-01	-0.4766	0.0861	0.0861
1890-10-01	-0.4367	0.0812	0.0812
1890-11-01	-0.6672	0.0839	0.0839
1890-12-01	-0.3808	0.0979	0.0979
1891-01-01	-0.5744	0.0955	0.0955
1891-02-01	-0.5928	0.1023	0.1023
1891-03-01	-0.3558	0.0957	0.0957
1891-04-01	-0.4379	0.0984	0.0984
1891-05-01	-0.3342	0.0977	0.0977
1891-06-01	-0.3654	0.0979	0.0979
1891-07-01	-0.4002	0.0940	0.0940
1891-08-01	-0.3607	0.1085	0.1085
1891-09-01	-0.2614	0.0971	0.0971
1891-10-01	-0.3342	0.0822	0.0822
1891-11-01	-0.5300	0.0886	0.0886
1891-12-01	-0.2233	0.1064	0.1064
1892-01-01	-0.4716	0.0964	0.0964
1892-02-01	-0.2880	0.0963	0.0963
1892-03-01	-0.5216	0.0955	0.0955
1892-04-01	-0.5371	0.1029	0.1029
1892-05-01	-0.4520	0.0979	0.0979
1892-06-01	-0.4316	0.0974	0.0974
1892-07-01	-0.5900	0.1021	0.1021
1892-08-01	-0.5112	0.1067	0.1067
1892-09-01	-0.3872	0.0900	0.0900
1892-10-01	-0.4369	0.0912	0.0912
1892-11-01	-0.6623	0.0913	0.0913
1892-12-01	-0.7892	0.1057	0.1057
1893-01-01	-1.0400	0.0893	0.0893
1893-02-01	-0.8461	0.0903	0.0903
1893-03-01	-0.4215	0.0954	0.0954
1893-04-01	-0.5083	0.0930	0.0930
1893-05-01	-0.5703	0.0966	0.0966
1893-06-01	-0.4526	0.1002	0.1002
1893-07-01	-0.2528	0.0943	0.0943
1893-08-01	-0.2951	0.1080	0.1080
1893-09-01	-0.3691	0.0920	0.0920
1893-10-01	-0.3052	0.0874	0.0874
1893-11-01	-0.4018	0.0881	0.0881
1893-12-01	-0.4767	0.1098	0.1098
1894-01-01	-0.6305	0.0897	0.0897
1894-02-01	-0.4190	0.0986	0.0986
1894-03-01	-0.4981	0.1022	0.1022
1894-04-01	-0.5233	0.0983	0.0983
1894-05-01	-0.5135	0.1029	0.1029
1894-06-01	-0.5800	0.1046	0.1046
1894-07-01	-0.3980	0.1008	0.1008
1894-08-01	-0.3547	0.1075	0.1075
1894-09-01	-0.4397	0.0952	0.0952
1894-10-01	-0.3987	0.0920	0.0920
1894-11-01	-0.4510	0.0929	0.0929
1894-12-01	-0.5385	0.1066	0.1066
1895-01-01	-0.6363	0.0881	0.0881
1895-02-01	-0.6321	0.0963	0.0963
1895-03-01	-0.6096	0.1047	0.1047
1895-04-01	-0.4481	0.1093	0.1093
1895-05-01	-0.4688	0.1015	0.1015
1895-06-01	-0.4206	0.1034	0.1034
1895-07-01	-0.3382	0.0984	0.0984
1895-08-01	-0.3741	0.1069	0.1069
1895-09-01	-0.3884	0.0920	0.0920
1895-10-01	-0.3137	0.0801	0.0801
1895-11-01	-0.3124	0.0823	0.0823
1895-12-01	-0.3598	0.0990	0.0990
1896-01-01	-0.3144	0.0871	0.0871
1896-02-01	-0.3287	0.0922	0.0922
1896-03-01	-0.5803	0.0917	0.0917
1896-04-01	-0.5287	0.0915	0.0915
1896-05-01	-0.3471	0.1100	0.1100
1896-06-01	-0.2236	0.1006	0.1006
1896-07-01	-0.1847	0.0885	0.0885
1896-08-01	-0.1728	0.1062	0.1062
1896-09-01	-0.1551	0.0949	0.0949
1896-10-01	-0.1170	0.0822	0.0822
1896-11-01	-0.3081	0.0832	0.0832
1896-12-01	-0.0825	0.1041	0.1041
1897-01-01	-0.2898	0.0946	0.0946
1897-02-01	-0.3375	0.1010	0.1010
1897-03-01	-0.4101	0.0980	0.0980
1897-04-01	-0.1087	0.0974	0.0974
1897-05-01	-0.1214	0.0958	0.0958
1897-06-01	-0.1698	0.1011	0.1011
1897-07-01	-0.1899	0.0925	0.0925
1897-08-01	-0.1829	0.1098	0.1098
1897-09-01	-0.1764	0.0869	0.0869
1897-10-01	-0.2058	0.0882	0.0882
1897-11-01	-0.4101	0.0817	0.0817
1897-12-01	-0.4533	0.0916	0.0916
1898-01-01	-0.1852	0.0950	0.0950
1898-02-01	-0.5440	0.0844	0.0844
1898-03-01	-0.8334	0.0836	0.0836
1898-04-01	-0.6605	0.0939	0.0939
1898-05-01	-0.5480	0.0920	0.0920
1898-06-01	-0.3343	0.0962	0.0962
1898-07-01	-0.3907	0.0958	0.0958
1898-08-01	-0.3948	0.1044	0.1044
1898-09-01	-0.3599	0.0914	0.0914
1898-10-01	-0.4759	0.0857	0.0857
1898-11-01	-0.4949	0.0805	0.0805
1898-12-01	-0.4668	0.0976	0.0976
1899-01-01	-0.3436	0.0824	0.0824
1899-02-01	-0.5276	0.0823	0.0823
1899-03-01	-0.5634	0.0821	0.0821
1899-04-01	-0.4177	0.0849	0.0849
1899-05-01	-0.3581	0.0920	0.0920
1899-06-01	-0.5072	0.0975	0.0975
1899-07-01	-0.3643	0.0924	0.0924
1899-08-01	-0.2368	0.1083	0.1083
1899-09-01	-0.1430	0.0887	0.0887
1899-10-01	-0.1759	0.0818	0.0818
1899-11-01	-0.0465	0.0794	0.0794
1899-12-01	-0.4475	0.0960	0.0960
1900-01-01	-0.4812	0.0813	0.0813
1900-02-01	-0.1920	0.0795	0.0795
1900-03-01	-0.1989	0.0845	0.0845
1900-04-01	-0.2253	0.0895	0.0895
1900-05-01	-0.3005	0.0926	0.0926
1900-06-01	-0.2233	0.0997	0.0997
1900-07-01	-0.2097	0.0902	0.0902
1900-08-01	-0.2100	0.1072	0.1072
1900-09-01	-0.1929	0.0934	0.0934
1900-10-01	-0.0578	0.0868	0.0868
1900-11-01	-0.2571	0.0837	0.0837
1900-12-01	-0.2132	0.0929	0.0929
1901-01-01	-0.2640	0.0795	0.0795
1901-02-01	-0.2584	0.0769	0.0769
1901-03-01	-0.1798	0.0782	0.0782
1901-04-01	-0.1648	0.0863	0.0863
1901-05-01	-0.2345	0.0965	0.0965
1901-06-01	-0.2560	0.0967	0.0967
1901-07-01	-0.3458	0.0927	0.0927
1901-08-01	-0.2114	0.1076	0.1076
1901-09-01	-0.3562	0.0887	0.0887
1901-10-01	-0.3356	0.0862	0.0862
1901-11-01	-0.3737	0.0796	0.0796
1901-12-01	-0.4657	0.0850	0.0850
1902-01-01	-0.4251	0.0772	0.0772
1902-02-01	-0.2241	0.0741	0.0741
1902-03-01	-0.4558	0.0768	0.0768
1902-04-01	-0.4443	0.0834	0.0834
1902-05-01	-0.4346	0.0986	0.0986
1902-06-01	-0.4501	0.0965	0.0965
1902-07-01	-0.4109	0.0886	0.0886
1902-08-01	-0.4305	0.1019	0.1019
1902-09-01	-0.3731	0.0890	0.0890
1902-10-01	-0.4973	0.0854	0.0854
1902-11-01	-0.5539	0.0803	0.0803
1902-12-01	-0.5490	0.0876	0.0876
1903-01-01	-0.4225	0.0750	0.0750
1903-02-01	-0.2346	0.0691	0.0691
1903-03-01	-0.4061	0.0707	0.0707
1903-04-01	-0.5899	0.0801	0.0801
1903-05-01	-0.5138	0.0918	0.0918
1903-06-01	-0.5495	0.0913	0.0913
1903-07-01	-0.5112	0.0855	0.0855
1903-08-01	-0.6107	0.1054	0.1054
1903-09-01	-0.5712	0.0871	0.0871
1903-10-01	-0.6738	0.0789	0.0789
1903-11-01	-0.6311	0.0763	0.0763
1903-12-01	-0.7082	0.0811	0.0811
1904-01-01	-0.7970	0.0747	0.0747
1904-02-01	-0.7668	0.0765	0.0765
1904-03-01	-0.6939	0.0735	0.0735
1904-04-01	-0.6450	0.0843	0.0843
1904-05-01	-0.6114	0.0887	0.0887
1904-06-01	-0.5688	0.0932	0.0932
1904-07-01	-0.5590	0.0859	0.0859
1904-08-01	-0.4841	0.1033	0.1033
1904-09-01	-0.6004	0.0904	0.0904
1904-10-01	-0.5525	0.0812	0.0812
1904-11-01	-0.3920	0.0763	0.0763
1904-12-01	-0.4938	0.0882	0.0882
1905-01-01	-0.4566	0.0737	0.0737
1905-02-01	-0.7155	0.0734	0.0734
1905-03-01	-0.5189	0.0702	0.0702
1905-04-01	-0.5584	0.0783	0.0783
1905-05-01	-0.4342	0.0879	0.0879
1905-06-01	-0.3448	0.0899	0.0899
1905-07-01	-0.3760	0.0811	0.0811
1905-08-01	-0.3059	0.1033	0.1033
1905-09-01	-0.3469	0.0834	0.0834
1905-10-01	-0.3344	0.0763	0.0763
1905-11-01	-0.2154	0.0712	0.0712
1905-12-01	-0.2644	0.0865	0.0865
1906-01-01	-0.2845	0.0738	0.0738
1906-02-01	-0.3769	0.0672	0.0672
1906-03-01	-0.2816	0.0726	0.0726
1906-04-01	-0.1003	0.0779	0.0779
1906-05-01	-0.3723	0.0875	0.0875
1906-06-01	-0.2292	0.0911	0.0911
1906-07-01	-0.3464	0.0868	0.0868
1906-08-01	-0.2724	0.1040	0.1040
1906-09-01	-0.3523	0.0867	0.0867
1906-10-01	-0.3203	0.0761	0.0761
1906-11-01	-0.5309	0.0732	0.0732
1906-12-01	-0.3174	0.0802	0.0802
1907-01-01	-0.5162	0.0696	0.0696
1907-02-01	-0.6154	0.0720	0.0720
1907-03-01	-0.4271	0.0714	0.0714
1907-04-01	-0.4717	0.0793	0.0793
1907-05-01	-0.6375	0.0856	0.0856
1907-06-01	-0.5387	0.0905	0.0905
1907-07-01	-0.4312	0.0849	0.0849
1907-08-01	-0.4927	0.1055	0.1055
1907-09-01	-0.4001	0.0834	0.0834
1907-10-01	-0.3322	0.0738	0.0738
1907-11-01	-0.5483	0.0727	0.0727
1907-12-01	-0.5827	0.0896	0.0896
1908-01-01	-0.4519	0.0716	0.0716
1908-02-01	-0.4059	0.0715	0.0715
1908-03-01	-0.6967	0.0686	0.0686
1908-04-01	-0.5814	0.0762	0.0762
1908-05-01	-0.4379	0.0910	0.0910
1908-06-01	-0.4091	0.0952	0.0952
1908-07-01	-0.3959	0.0833	0.0833
1908-08-01	-0.4810	0.1076	0.1076
1908-09-01	-0.3833	0.0844	0.0844
1908-10-01	-0.5677	0.0728	0.0728
1908-11-01	-0.6378	0.0682	0.0682
1908-12-01	-0.6301	0.0795	0.0795
1909-01-01	-0.7548	0.0652	0.0652
1909-02-01	-0.5330	0.0669	0.0669
1909-03-01	-0.6513	0.0663	0.0663
1909-04-01	-0.6305	0.0737	0.0737
1909-05-01	-0.5889	0.0874	0.0874
1909-06-01	-0.5069	0.0923	0.0923
1909-07-01	-0.5279	0.0798	0.0798
1909-08-01	-0.3285	0.1031	0.1031
1909-09-01	-0.4074	0.0807	0.0807
1909-10-01	-0.4896	0.0713	0.0713
1909-11-01	-0.3843	0.0676	0.0676
1909-12-01	-0.5918	0.0759	0.0759
1910-01-01	-0.4175	0.0672	0.0672
1910-02-01	-0.5049	0.0667	0.0667
1910-03-01	-0.6018	0.0710	0.0710
1910-04-01	-0.5250	0.0737	0.0737
1910-05-01	-0.5231	0.0867	0.0867
1910-06-01	-0.5523	0.0901	0.0901
1910-07-01	-0.4421	0.0812	0.0812
1910-08-01	-0.3908	0.1055	0.1055
1910-09-01	-0.4176	0.0823	0.0823
1910-10-01	-0.4773	0.0713	0.0713
1910-11-01	-0.6680	0.0664	0.0664
1910-12-01	-0.7446	0.0767	0.0767
1911-01-01	-0.6563	0.0615	0.0615
1911-02-01	-0.7064	0.0611	0.0611
1911-03-01	-0.7647	0.0612	0.0612
1911-04-01	-0.6419	0.0746	0.0746
1911-05-01	-0.6415	0.0839	0.0839
1911-06-01	-0.5603	0.0903	0.0903
1911-07-01	-0.4970	0.0840	0.0840
1911-08-01	-0.5100	0.1023	0.1023
1911-09-01	-0.5010	0.0867	0.0867
1911-10-01	-0.3521	0.0680	0.0680
1911-11-01	-0.3435	0.0664	0.0664
1911-12-01	-0.3029	0.0771	0.0771
1912-01-01	-0.3261	0.0615	0.0615
1912-02-01	-0.3123	0.0582	0.0582
1912-03-01	-0.5568	0.0597	0.0597
1912-04-01	-0.3377	0.0730	0.0730
1912-05-01	-0.3353	0.0801	0.0801
1912-06-01	-0.2903	0.0856	0.0856
1912-07-01	-0.5103	0.0765	0.0765
1912-08-01	-0.5803	0.1013	0.1013
1912-09-01	-0.6464	0.0785	0.0785
1912-10-01	-0.6850	0.0663	0.0663
1912-11-01	-0.5564	0.0631	0.0631
1912-12-01	-0.5769	0.0732	0.0732
1913-01-01	-0.5463	0.0649	0.0649
1913-02-01	-0.5396	0.0602	0.0602
1913-03-01	-0.6011	0.0615	0.0615
1913-04-01	-0.5226	0.0770	0.0770
1913-05-01	-0.5475	0.0826	0.0826
1913-06-01	-0.5460	0.0905	0.0905
1913-07-01	-0.4873	0.0815	0.0815
1913-08-01	-0.3997	0.1008	0.1008
1913-09-01	-0.4183	0.0792	0.0792
1913-10-01	-0.4422	0.0697	0.0697
1913-11-01	-0.3615	0.0645	0.0645
1913-12-01	-0.1501	0.0744	0.0744
1914-01-01	-0.0708	0.0620	0.0620
1914-02-01	-0.2555	0.0614	0.0614
1914-03-01	-0.3918	0.0624	0.0624
1914-04-01	-0.4009	0.0693	0.0693
1914-05-01	-0.3085	0.0803	0.0803
1914-06-01	-0.3109	0.0880	0.0880
1914-07-01	-0.2979	0.0805	0.0805
1914-08-01	-0.2454	0.1028	0.1028
1914-09-01	-0.3025	0.0894	0.0894
1914-10-01	-0.1100	0.0732	0.0732
1914-11-01	-0.1815	0.0681	0.0681
1914-12-01	-0.2378	0.0735	0.0735
1915-01-01	-0.2835	0.0714	0.0714
1915-02-01	-0.2134	0.0704	0.0704
1915-03-01	-0.1953	0.0739	0.0739
1915-04-01	-0.0856	0.0766	0.0766
1915-05-01	-0.1768	0.0938	0.0938
1915-06-01	-0.1744	0.0964	0.0964
1915-07-01	-0.1767	0.0909	0.0909
1915-08-01	-0.0641	0.1102	0.1102
1915-09-01	-0.1123	0.0847	0.0847
1915-10-01	-0.2824	0.0762	0.0762
1915-11-01	-0.1699	0.0687	0.0687
1915-12-01	-0.3525	0.0684	0.0684
1916-01-01	-0.3361	0.0665	0.0665
1916-02-01	-0.2649	0.0694	0.0694
1916-03-01	-0.4351	0.0673	0.0673
1916-04-01	-0.3806	0.0791	0.0791
1916-05-01	-0.4266	0.0988	0.0988
1916-06-01	-0.4979	0.0999	0.0999
1916-07-01	-0.3863	0.0934	0.0934
1916-08-01	-0.2966	0.1066	0.1066
1916-09-01	-0.3252	0.0855	0.0855
1916-10-01	-0.3724	0.0770	0.0770
1916-11-01	-0.5094	0.0680	0.0680
1916-12-01	-0.8117	0.0697	0.0697
1917-01-01	-0.6917	0.0718	0.0718
1917-02-01	-0.7163	0.0769	0.0769
1917-03-01	-0.7805	0.0714	0.0714
1917-04-01	-0.5436	0.0826	0.0826
1917-05-01	-0.6406	0.0966	0.0966
1917-06-01	-0.4784	0.1027	0.1027
1917-07-01	-0.2575	0.0963	0.0963
1917-08-01	-0.3389	0.1225	0.1225
1917-09-01	-0.3034	0.0889	0.0889
1917-10-01	-0.5334	0.0781	0.0781
1917-11-01	-0.4550	0.0698	0.0698
1917-12-01	-0.7875	0.0831	0.0831
1918-01-01	-0.5188	0.0780	0.0780
1918-02-01	-0.6766	0.0762	0.0762
1918-03-01	-0.5822	0.0779	0.0779
1918-04-01	-0.6267	0.0888	0.0888
1918-05-01	-0.5273	0.1073	0.1073
1918-06-01	-0.3892	0.1051	0.1051
1918-07-01	-0.3706	0.0917	0.0917
1918-08-01	-0.4441	0.1142	0.1142
1918-09-01	-0.2743	0.0939	0.0939
1918-10-01	-0.1172	0.0881	0.0881
1918-11-01	-0.1686	0.0871	0.0871
1918-12-01	-0.4169	0.0838	0.0838
1919-01-01	-0.2429	0.0858	0.0858
1919-02-01	-0.2359	0.0788	0.0788
1919-03-01	-0.3936	0.0880	0.0880
1919-04-01	-0.2093	0.0954	0.0954
1919-05-01	-0.3125	0.1021	0.1021
1919-06-01	-0.3695	0.0979	0.0979
1919-07-01	-0.3206	0.0983	0.0983
1919-08-01	-0.2578	0.1164	0.1164
1919-09-01	-0.2943	0.0886	0.0886
1919-10-01	-0.2724	0.0855	0.0855
1919-11-01	-0.5610	0.0722	0.0722
1919-12-01	-0.5190	0.0778	0.0778
1920-01-01	-0.2755	0.0800	0.0800
1920-02-01	-0.5446	0.0675	0.0675
1920-03-01	-0.1686	0.0778	0.0778
1920-04-01	-0.3418	0.0914	0.0914
1920-05-01	-0.2598	0.0987	0.0987
1920-06-01	-0.2526	0.1028	0.1028
1920-07-01	-0.3184	0.0929	0.0929
1920-08-01	-0.2337	0.1110	0.1110
1920-09-01	-0.2052	0.0894	0.0894
1920-10-01	-0.2222	0.0764	0.0764
1920-11-01	-0.3387	0.0795	0.0795
1920-12-01	-0.4916	0.0724	0.0724
1921-01-01	-0.2301	0.0693	0.0693
1921-02-01	-0.2953	0.0674	0.0674
1921-03-01	-0.3482	0.0690	0.0690
1921-04-01	-0.2941	0.0801	0.0801
1921-05-01	-0.3004	0.0907	0.0907
1921-06-01	-0.1594	0.0969	0.0969
1921-07-01	-0.1521	0.0914	0.0914
1921-08-01	-0.3168	0.1061	0.1061
1921-09-01	-0.1971	0.0847	0.0847
1921-10-01	-0.1293	0.0737	0.0737
1921-11-01	-0.1936	0.0653	0.0653
1921-12-01	-0.2804	0.0668	0.0668
1922-01-01	-0.4184	0.0649	0.0649
1922-02-01	-0.4057	0.0609	0.0609
1922-03-01	-0.3304	0.0672	0.0672
1922-04-01	-0.2948	0.0751	0.0751
1922-05-01	-0.4678	0.0875	0.0875
1922-06-01	-0.2967	0.0880	0.0880
1922-07-01	-0.2639	0.0842	0.0842
1922-08-01	-0.3540	0.1006	0.1006
1922-09-01	-0.3167	0.0811	0.0811
1922-10-01	-0.3473	0.0691	0.0691
1922-11-01	-0.2544	0.0586	0.0586
1922-12-01	-0.3075	0.0657	0.0657
1923-01-01	-0.4036	0.0615	0.0615
1923-02-01	-0.4884	0.0601	0.0601
1923-03-01	-0.4596	0.0602	0.0602
1923-04-01	-0.4076	0.0718	0.0718
1923-05-01	-0.4008	0.0843	0.0843
1923-06-01	-0.2600	0.0879	0.0879
1923-07-01	-0.4143	0.0804	0.0804
1923-08-01	-0.3212	0.1010	0.1010
1923-09-01	-0.3336	0.0808	0.0808
1923-10-01	-0.1685	0.0691	0.0691
1923-11-01	-0.0251	0.0604	0.0604
1923-12-01	-0.0919	0.0617	0.0617
1924-01-01	-0.3281	0.0628	0.0628
1924-02-01	-0.3097	0.0586	0.0586
1924-03-01	-0.1775	0.0609	0.0609
1924-04-01	-0.3380	0.0719	0.0719
1924-05-01	-0.2118	0.0827	0.0827
1924-06-01	-0.2697	0.0893	0.0893
1924-07-01	-0.2963	0.0758	0.0758
1924-08-01	-0.3136	0.1023	0.1023
1924-09-01	-0.3255	0.0813	0.0813
1924-10-01	-0.3591	0.0687	0.0687
1924-11-01	-0.2828	0.0597	0.0597
1924-12-01	-0.4900	0.0608	0.0608
1925-01-01	-0.4845	0.0634	0.0634
1925-02-01	-0.4742	0.0607	0.0607
1925-03-01	-0.3740	0.0617	0.0617
1925-04-01	-0.3008	0.0718	0.0718
1925-05-01	-0.3074	0.0891	0.0891
1925-06-01	-0.3401	0.0949	0.0949
1925-07-01	-0.3373	0.0772	0.0772
1925-08-01	-0.1661	0.1013	0.1013
1925-09-01	-0.2543	0.0833	0.0833
1925-10-01	-0.2828	0.0732	0.0732
1925-11-01	-0.0523	0.0599	0.0599
1925-12-01	0.0186	0.0628	0.0628
1926-01-01	0.0818	0.0659	0.0659
1926-02-01	-0.0368	0.0594	0.0594
1926-03-01	0.0212	0.0620	0.0620
1926-04-01	-0.1600	0.0761	0.0761
1926-05-01	-0.2666	0.0855	0.0855
1926-06-01	-0.1807	0.0888	0.0888
1926-07-01	-0.2092	0.0812	0.0812
1926-08-01	-0.1015	0.1049	0.1049
1926-09-01	-0.1179	0.0800	0.0800
1926-10-01	-0.0691	0.0696	0.0696
1926-11-01	-0.1098	0.0624	0.0624
1926-12-01	-0.3168	0.0635	0.0635
1927-01-01	-0.3099	0.0624	0.0624
1927-02-01	-0.2064	0.0555	0.0555
1927-03-01	-0.4084	0.0572	0.0572
1927-04-01	-0.3155	0.0694	0.0694
1927-05-01	-0.2315	0.0826	0.0826
1927-06-01	-0.2498	0.0889	0.0889
1927-07-01	-0.2109	0.0765	0.0765
1927-08-01	-0.2071	0.0985	0.0985
1927-09-01	-0.1089	0.0769	0.0769
1927-10-01	-0.0214	0.0702	0.0702
1927-11-01	-0.1204	0.0587	0.0587
1927-12-01	-0.3198	0.0609	0.0609
1928-01-01	-0.0248	0.0644	0.0644
1928-02-01	-0.1227	0.0640	0.0640
1928-03-01	-0.3181	0.0643	0.0643
1928-04-01	-0.2360	0.0719	0.0719
1928-05-01	-0.3022	0.0852	0.0852
1928-06-01	-0.3324	0.0858	0.0858
1928-07-01	-0.1904	0.0757	0.0757
1928-08-01	-0.1774	0.0981	0.0981
1928-09-01	-0.2067	0.0829	0.0829
1928-10-01	-0.1866	0.0688	0.0688
1928-11-01	-0.1723	0.0638	0.0638
1928-12-01	-0.2315	0.0624	0.0624
1929-01-01	-0.4341	0.0621	0.0621
1929-02-01	-0.6011	0.0607	0.0607
1929-03-01	-0.4851	0.0624	0.0624
1929-04-01	-0.4408	0.0738	0.0738
1929-05-01	-0.4348	0.0842	0.0842
1929-06-01	-0.4039	0.0870	0.0870
1929-07-01	-0.4356	0.0792	0.0792
1929-08-01	-0.2621	0.1030	0.1030
1929-09-01	-0.2734	0.0818	0.0818
1929-10-01	-0.2142	0.0694	0.0694
1929-11-01	-0.1371	0.0585	0.0585
1929-12-01	-0.5616	0.0613	0.0613
1930-01-01	-0.3582	0.0637	0.0637
1930-02-01	-0.3380	0.0596	0.0596
1930-03-01	-0.2442	0.0608	0.0608
1930-04-01	-0.2242	0.0712	0.0712
1930-05-01	-0.2469	0.0821	0.0821
1930-06-01	-0.1968	0.0881	0.0881
1930-07-01	-0.1798	0.0836	0.0836
1930-08-01	-0.0902	0.1026	0.1026
1930-09-01	-0.0928	0.0812	0.0812
1930-10-01	-0.0811	0.0669	0.0669
1930-11-01	0.0690	0.0612	0.0612
1930-12-01	-0.0553	0.0591	0.0591
1931-01-01	-0.1273	0.0635	0.0635
1931-02-01	-0.2538	0.0548	0.0548
1931-03-01	-0.1140	0.0602	0.0602
1931-04-01	-0.1813	0.0718	0.0718
1931-05-01	-0.2014	0.0828	0.0828
1931-06-01	-0.0233	0.0883	0.0883
1931-07-01	-0.0103	0.0835	0.0835
1931-08-01	-0.0356	0.1049	0.1049
1931-09-01	-0.0501	0.0774	0.0774
1931-10-01	-0.0225	0.0708	0.0708
1931-11-01	-0.1493	0.0577	0.0577
1931-12-01	-0.1010	0.0578	0.0578
1932-01-01	0.0702	0.0597	0.0597
1932-02-01	-0.1882	0.0556	0.0556
1932-03-01	-0.2011	0.0605	0.0605
1932-04-01	-0.0769	0.0668	0.0668
1932-05-01	-0.1672	0.0774	0.0774
1932-06-01	-0.2564	0.0823	0.0823
1932-07-01	-0.1337	0.0796	0.0796
1932-08-01	-0.1876	0.1017	0.1017
1932-09-01	-0.0026	0.0746	0.0746
1932-10-01	-0.0941	0.0684	0.0684
1932-11-01	-0.2959	0.0569	0.0569
1932-12-01	-0.2664	0.0578	0.0578
1933-01-01	-0.3241	0.0558	0.0558
1933-02-01	-0.3488	0.0525	0.0525
1933-03-01	-0.4006	0.0540	0.0540
1933-04-01	-0.3026	0.0671	0.0671
1933-05-01	-0.2909	0.0834	0.0834
1933-06-01	-0.3270	0.0908	0.0908
1933-07-01	-0.2940	0.0771	0.0771
1933-08-01	-0.1540	0.0988	0.0988
1933-09-01	-0.3282	0.0781	0.0781
1933-10-01	-0.2487	0.0661	0.0661
1933-11-01	-0.4061	0.0546	0.0546
1933-12-01	-0.5148	0.0533	0.0533
1934-01-01	-0.3303	0.0528	0.0528
1934-02-01	-0.1481	0.0489	0.0489
1934-03-01	-0.4294	0.0529	0.0529
1934-04-01	-0.3849	0.0652	0.0652
1934-05-01	-0.1496	0.0791	0.0791
1934-06-01	-0.0905	0.0939	0.0939
1934-07-01	-0.1800	0.0779	0.0779
1934-08-01	-0.1165	0.1044	0.1044
1934-09-01	-0.1392	0.0759	0.0759
1934-10-01	-0.0832	0.0691	0.0691
1934-11-01	0.0356	0.0532	0.0532
1934-12-01	-0.1086	0.0534	0.0534
1935-01-01	-0.3574	0.0569	0.0569
1935-02-01	0.0407	0.0501	0.0501
1935-03-01	-0.2329	0.0495	0.0495
1935-04-01	-0.3315	0.0674	0.0674
1935-05-01	-0.3295	0.0844	0.0844
1935-06-01	-0.2178	0.0886	0.0886
1935-07-01	-0.1501	0.0780	0.0780
1935-08-01	-0.1496	0.0971	0.0971
1935-09-01	-0.1936	0.0748	0.0748
1935-10-01	-0.0537	0.0625	0.0625
1935-11-01	-0.3264	0.0516	0.0516
1935-12-01	-0.2525	0.0497	0.0497
1936-01-01	-0.3934	0.0535	0.0535
1936-02-01	-0.3393	0.0503	0.0503
1936-03-01	-0.3344	0.0531	0.0531
1936-04-01	-0.1963	0.0640	0.0640
1936-05-01	-0.1785	0.0814	0.0814
1936-06-01	-0.1498	0.0836	0.0836
1936-07-01	-0.0791	0.0769	0.0769
1936-08-01	-0.0707	0.0994	0.0994
1936-09-01	-0.1088	0.0759	0.0759
1936-10-01	-0.0399	0.0666	0.0666
1936-11-01	-0.0632	0.0545	0.0545
1936-12-01	-0.0983	0.0557	0.0557
1937-01-01	-0.1245	0.0543	0.0543
1937-02-01	0.0721	0.0507	0.0507
1937-03-01	-0.2616	0.0513	0.0513
1937-04-01	-0.1182	0.0638	0.0638
1937-05-01	-0.0896	0.0803	0.0803
1937-06-01	-0.0065	0.0859	0.0859
1937-07-01	0.0245	0.0731	0.0731
1937-08-01	0.0410	0.0958	0.0958
1937-09-01	0.1475	0.0748	0.0748
1937-10-01	0.1312	0.0666	0.0666
1937-11-01	0.0656	0.0528	0.0528
1937-12-01	-0.0741	0.0561	0.0561
1938-01-01	0.0450	0.0524	0.0524
1938-02-01	-0.0142	0.0480	0.0480
1938-03-01	-0.0253	0.0499	0.0499
1938-04-01	0.0337	0.0674	0.0674
1938-05-01	-0.1035	0.0851	0.0851
1938-06-01	-0.0920	0.0858	0.0858
1938-07-01	-0.0445	0.0767	0.0767
1938-08-01	0.0017	0.0980	0.0980
1938-09-01	0.0246	0.0764	0.0764
1938-10-01	0.1658	0.0681	0.0681
1938-11-01	0.0524	0.0535	0.0535
1938-12-01	-0.1983	0.0561	0.0561
1939-01-01	-0.1147	0.0496	0.0496
1939-02-01	-0.1207	0.0432	0.0432
1939-03-01	-0.2948	0.0471	0.0471
1939-04-01	-0.1165	0.0622	0.0622
1939-05-01	-0.0399	0.0768	0.0768
1939-06-01	0.0155	0.0835	0.0835
1939-07-01	-0.0361	0.0794	0.0794
1939-08-01	-0.0362	0.1050	0.1050
1939-09-01	-0.0153	0.0881	0.0881
1939-10-01	-0.1009	0.0824	0.0824
1939-11-01	0.0207	0.0645	0.0645
1939-12-01	0.3372	0.0644	0.0644
1940-01-01	-0.0468	0.0624	0.0624
1940-02-01	0.0802	0.0594	0.0594
1940-03-01	-0.0430	0.0632	0.0632
1940-04-01	0.1428	0.0915	0.0915
1940-05-01	0.0354	0.0971	0.0971
1940-06-01	0.0434	0.0959	0.0959
1940-07-01	0.1479	0.0883	0.0883
1940-08-01	0.1017	0.1092	0.1092
1940-09-01	0.1286	0.0840	0.0840
1940-10-01	0.0977	0.0776	0.0776
1940-11-01	-0.0021	0.0644	0.0644
1940-12-01	0.2000	0.0654	0.0654
1941-01-01	-0.0436	0.1087	0.1087
1941-02-01	0.1119	0.1064	0.1064
1941-03-01	-0.1231	0.1084	0.1084
1941-04-01	0.0330	0.1204	0.1204
1941-05-01	0.0580	0.1304	0.1304
1941-06-01	0.0549	0.1277	0.1277
1941-07-01	0.1563	0.1218	0.1218
1941-08-01	0.0360	0.1378	0.1378
1941-09-01	-0.1468	0.1187	0.1187
1941-10-01	0.2104	0.1134	0.1134
1941-11-01	-0.0126	0.1092	0.1092
1941-12-01	0.0776	0.1019	0.1019
1942-01-01	0.2497	0.1086	0.1086
1942-02-01	0.0155	0.1067	0.1067
1942-03-01	-0.0453	0.1080	0.1080
1942-04-01	-0.0090	0.1211	0.1211
1942-05-01	0.1224	0.1333	0.1333
1942-06-01	0.0273	0.1297	0.1297
1942-07-01	-0.0625	0.1230	0.1230
1942-08-01	-0.0611	0.1401	0.1401
1942-09-01	-0.0143	0.1266	0.1266
1942-10-01	-0.0926	0.1145	0.1145
1942-11-01	-0.0558	0.1076	0.1076
1942-12-01	-0.0805	0.1123	0.1123
1943-01-01	-0.1910	0.1057	0.1057
1943-02-01	-0.0270	0.1101	0.1101
1943-03-01	-0.1638	0.1088	0.1088
1943-04-01	0.0224	0.1196	0.1196
1943-05-01	0.0329	0.1313	0.1313
1943-06-01	-0.0780	0.1275	0.1275
1943-07-01	0.0208	0.1174	0.1174
1943-08-01	0.0309	0.1412	0.1412
1943-09-01	-0.0146	0.1184	0.1184
1943-10-01	0.2303	0.1137	0.1137
1943-11-01	0.1036	0.1061	0.1061
1943-12-01	0.1098	0.1070	0.1070
1944-01-01	0.3245	0.1070	0.1070
1944-02-01	0.1244	0.1048	0.1048
1944-03-01	0.1158	0.1084	0.1084
1944-04-01	0.0440	0.1165	0.1165
1944-05-01	0.1184	0.1303	0.1303
1944-06-01	0.1056	0.1335	0.1335
1944-07-01	0.1480	0.1209	0.1209
1944-08-01	0.2068	0.1451	0.1451
1944-09-01	0.1647	0.1193	0.1193
1944-10-01	0.2101	0.1096	0.1096
1944-11-01	0.0901	0.1074	0.1074
1944-12-01	0.0831	0.0981	0.0981
1945-01-01	0.0930	0.1057	0.1057
1945-02-01	0.0452	0.1058	0.1058
1945-03-01	0.0349	0.1093	0.1093
1945-04-01	0.2092	0.1163	0.1163
1945-05-01	-0.0613	0.1327	0.1327
1945-06-01	-0.0401	0.1309	0.1309
1945-07-01	0.0026	0.1229	0.1229
1945-08-01	0.2379	0.1469	0.1469
1945-09-01	0.1041	0.1152	0.1152
1945-10-01	0.0934	0.1161	0.1161
1945-11-01	-0.0029	0.1121	0.1121
1945-12-01	-0.2013	0.0988	0.0988
1946-01-01	0.0406	0.0879	0.0879
1946-02-01	-0.1237	0.0862	0.0862
1946-03-01	-0.1308	0.0842	0.0842
1946-04-01	-0.0054	0.0897	0.0897
1946-05-01	-0.0837	0.0981	0.0981
1946-06-01	-0.2698	0.1015	0.1015
1946-07-01	-0.1126	0.0965	0.0965
1946-08-01	-0.1574	0.1173	0.1173
1946-09-01	-0.0978	0.0928	0.0928
1946-10-01	-0.0711	0.0833	0.0833
1946-11-01	-0.1144	0.0748	0.0748
1946-12-01	-0.3468	0.0697	0.0697
1947-01-01	-0.1567	0.0676	0.0676
1947-02-01	-0.1459	0.0671	0.0671
1947-03-01	-0.0797	0.0717	0.0717
1947-04-01	-0.0621	0.0835	0.0835
1947-05-01	-0.0768	0.1006	0.1006
1947-06-01	-0.0936	0.1078	0.1078
1947-07-01	-0.0710	0.0952	0.0952
1947-08-01	-0.1190	0.1148	0.1148
1947-09-01	-0.1670	0.0959	0.0959
1947-10-01	0.0318	0.0881	0.0881
1947-11-01	0.0243	0.0751	0.0751
1947-12-01	-0.2362	0.0722	0.0722
1948-01-01	-0.0227	0.0666	0.0666
1948-02-01	-0.2402	0.0670	0.0670
1948-03-01	-0.2909	0.0688	0.0688
1948-04-01	-0.1197	0.0832	0.0832
1948-05-01	0.0516	0.0990	0.0990
1948-06-01	-0.0143	0.0960	0.0960
1948-07-01	-0.1350	0.0930	0.0930
1948-08-01	-0.0493	0.1083	0.1083
1948-09-01	-0.1398	0.0870	0.0870
1948-10-01	-0.0609	0.0780	0.0780
1948-11-01	-0.1787	0.0730	0.0730
1948-12-01	-0.3503	0.0695	0.0695
1949-01-01	-0.0285	0.0615	0.0615
1949-02-01	-0.2479	0.0592	0.0592
1949-03-01	-0.1205	0.0603	0.0603
1949-04-01	-0.1566	0.0733	0.0733
1949-05-01	-0.1187	0.0936	0.0936
1949-06-01	-0.2428	0.0923	0.0923
1949-07-01	-0.1906	0.0854	0.0854
1949-08-01	-0.0861	0.1077	0.1077
1949-09-01	-0.1369	0.0834	0.0834
1949-10-01	-0.1005	0.0719	0.0719
1949-11-01	-0.1944	0.0613	0.0613
1949-12-01	-0.2229	0.0597	0.0597
1950-01-01	-0.3121	0.0558	0.0558
1950-02-01	-0.3817	0.0581	0.0581
1950-03-01	-0.2301	0.0557	0.0557
1950-04-01	-0.2536	0.0752	0.0752
1950-05-01	-0.1560	0.0850	0.0850
1950-06-01	-0.1163	0.0936	0.0936
1950-07-01	-0.1214	0.0796	0.0796
1950-08-01	-0.1675	0.1027	0.1027
1950-09-01	-0.2576	0.0774	0.0774
1950-10-01	-0.2143	0.0689	0.0689
1950-11-01	-0.3954	0.0536	0.0536
1950-12-01	-0.2699	0.0575	0.0575
1951-01-01	-0.3730	0.0525	0.0525
1951-02-01	-0.5211	0.0473	0.0473
1951-03-01	-0.2758	0.0506	0.0506
1951-04-01	-0.1205	0.0662	0.0662
1951-05-01	0.0196	0.0916	0.0916
1951-06-01	0.0497	0.0862	0.0862
1951-07-01	0.0268	0.0796	0.0796
1951-08-01	0.1107	0.1005	0.1005
1951-09-01	0.1212	0.0761	0.0761
1951-10-01	0.1161	0.0652	0.0652
1951-11-01	-0.0822	0.0532	0.0532
1951-12-01	0.0661	0.0515	0.0515
1952-01-01	0.0889	0.0525	0.0525
1952-02-01	0.0620	0.0498	0.0498
1952-03-01	-0.1676	0.0484	0.0484
1952-04-01	0.0386	0.0701	0.0701
1952-05-01	0.0168	0.0916	0.0916
1952-06-01	0.0153	0.0934	0.0934
1952-07-01	0.0841	0.0843	0.0843
1952-08-01	0.0941	0.1044	0.1044
1952-09-01	0.0903	0.0803	0.0803
1952-10-01	-0.0217	0.0670	0.0670
1952-11-01	-0.1298	0.0537	0.0537
1952-12-01	-0.0413	0.0509	0.0509
1953-01-01	-0.0095	0.0532	0.0532
1953-02-01	0.0927	0.0494	0.0494
1953-03-01	0.0101	0.0498	0.0498
1953-04-01	0.2246	0.0728	0.0728
1953-05-01	0.1486	0.0877	0.0877
1953-06-01	0.1406	0.0922	0.0922
1953-07-01	0.0429	0.0819	0.0819
1953-08-01	0.0878	0.1032	0.1032
1953-09-01	0.0871	0.0783	0.0783
1953-10-01	0.0842	0.0677	0.0677
1953-11-01	-0.0065	0.0565	0.0565
1953-12-01	0.0212	0.0530	0.0530
1954-01-01	-0.2438	0.0473	0.0473
1954-02-01	-0.0905	0.0449	0.0449
1954-03-01	-0.1827	0.0457	0.0457
1954-04-01	-0.1163	0.0631	0.0631
1954-05-01	-0.1710	0.0827	0.0827
1954-06-01	-0.1318	0.0850	0.0850
1954-07-01	-0.1975	0.0768	0.0768
1954-08-01	-0.1017	0.0897	0.0897
1954-09-01	-0.1146	0.0737	0.0737
1954-10-01	-0.0125	0.0602	0.0602
1954-11-01	0.1170	0.0490	0.0490
1954-12-01	-0.1650	0.0491	0.0491
1955-01-01	0.1074	0.0479	0.0479
1955-02-01	-0.1931	0.0428	0.0428
1955-03-01	-0.3986	0.0451	0.0451
1955-04-01	-0.2308	0.0663	0.0663
1955-05-01	-0.2381	0.0823	0.0823
1955-06-01	-0.1791	0.0840	0.0840
1955-07-01	-0.2096	0.0776	0.0776
1955-08-01	-0.0896	0.0947	0.0947
1955-09-01	-0.1439	0.0670	0.0670
1955-10-01	-0.1159	0.0588	0.0588
1955-11-01	-0.3252	0.0505	0.0505
1955-12-01	-0.3677	0.0454	0.0454
1956-01-01	-0.2387	0.0411	0.0411
1956-02-01	-0.2878	0.0398	0.0398
1956-03-01	-0.3621	0.0419	0.0419
1956-04-01	-0.3088	0.0505	0.0505
1956-05-01	-0.3358	0.0577	0.0577
1956-06-01	-0.2291	0.0564	0.0564
1956-07-01	-0.2101	0.0573	0.0573
1956-08-01	-0.2909	0.0697	0.0697
1956-09-01	-0.2742	0.0580	0.0580
1956-10-01	-0.2644	0.0470	0.0470
1956-11-01	-0.2197	0.0404	0.0404
1956-12-01	-0.1580	0.0402	0.0402
1957-01-01	-0.2187	0.0380	0.0380
1957-02-01	-0.1591	0.0387	0.0387
1957-03-01	-0.1985	0.0371	0.0371
1957-04-01	-0.0405	0.0414	0.0414
1957-05-01	0.0336	0.0428	0.0428
1957-06-01	0.0650	0.0473	0.0473
1957-07-01	-0.0617	0.0510	0.0510
1957-08-01	0.0724	0.0488	0.0488
1957-09-01	0.0406	0.0449	0.0449
1957-10-01	-0.0002	0.0399	0.0399
1957-11-01	-0.0043	0.0419	0.0419
1957-12-01	0.0524	0.0369	0.0369
1958-01-01	0.2579	0.0337	0.0337
1958-02-01	0.0913	0.0357	0.0357
1958-03-01	0.0061	0.0350	0.0350
1958-04-01	-0.0680	0.0369	0.0369
1958-05-01	0.0165	0.0420	0.0420
1958-06-01	-0.1536	0.0450	0.0450
1958-07-01	-0.0184	0.0504	0.0504
1958-08-01	-0.0817	0.0485	0.0485
1958-09-01	-0.1117	0.0448	0.0448
1958-10-01	-0.0168	0.0443	0.0443
1958-11-01	-0.0373	0.0360	0.0360
1958-12-01	-0.0819	0.0361	0.0361
1959-01-01	0.0153	0.0351	0.0351
1959-02-01	-0.0074	0.0362	0.0362
1959-03-01	0.0181	0.0385	0.0385
1959-04-01	0.0286	0.0394	0.0394
1959-05-01	-0.0388	0.0442	0.0442
1959-06-01	-0.0009	0.0485	0.0485
1959-07-01	-0.0400	0.0502	0.0502
1959-08-01	-0.0384	0.0443	0.0443
1959-09-01	-0.1399	0.0443	0.0443
1959-10-01	-0.0704	0.0411	0.0411
1959-11-01	-0.1830	0.0382	0.0382
1959-12-01	-0.1016	0.0335	0.0335
1960-01-01	-0.1128	0.0305	0.0305
1960-02-01	0.0239	0.0291	0.0291
1960-03-01	-0.4440	0.0306	0.0306
1960-04-01	-0.2611	0.0353	0.0353
1960-05-01	-0.1765	0.0387	0.0387
1960-06-01	-0.1237	0.0430	0.0430
1960-07-01	-0.1108	0.0451	0.0451
1960-08-01	-0.0014	0.0435	0.0435
1960-09-01	0.0048	0.0405	0.0405
1960-10-01	-0.0290	0.0388	0.0388
1960-11-01	-0.2135	0.0320	0.0320
1960-12-01	0.0836	0.0293	0.0293
1961-01-01	-0.0464	0.0278	0.0278
1961-02-01	0.0967	0.0272	0.0272
1961-03-01	-0.0552	0.0289	0.0289
1961-04-01	0.0664	0.0337	0.0337
1961-05-01	0.0737	0.0370	0.0370
1961-06-01	0.0920	0.0411	0.0411
1961-07-01	-0.0326	0.0432	0.0432
1961-08-01	-0.0084	0.0379	0.0379
1961-09-01	-0.0250	0.0388	0.0388
1961-10-01	-0.0599	0.0301	0.0301
1961-11-01	-0.0265	0.0280	0.0280
1961-12-01	-0.2476	0.0278	0.0278
1962-01-01	-0.0515	0.0281	0.0281
1962-02-01	0.0194	0.0276	0.0276
1962-03-01	0.0244	0.0274	0.0274
1962-04-01	-0.0171	0.0357	0.0357
1962-05-01	-0.1746	0.0388	0.0388
1962-06-01	-0.0512	0.0433	0.0433
1962-07-01	-0.1058	0.0481	0.0481
1962-08-01	-0.1062	0.0427	0.0427
1962-09-01	-0.0698	0.0373	0.0373
1962-10-01	-0.0357	0.0372	0.0372
1962-11-01	-0.0157	0.0305	0.0305
1962-12-01	-0.1223	0.0307	0.0307
1963-01-01	-0.1138	0.0259	0.0259
1963-02-01	0.0445	0.0269	0.0269
1963-03-01	-0.3368	0.0288	0.0288
1963-04-01	-0.1746	0.0320	0.0320
1963-05-01	-0.1422	0.0371	0.0371
1963-06-01	-0.0625	0.0410	0.0410
1963-07-01	0.0654	0.0456	0.0456
1963-08-01	0.1517	0.0434	0.0434
1963-09-01	0.1274	0.0401	0.0401
1963-10-01	0.0697	0.0360	0.0360
1963-11-01	0.0510	0.0324	0.0324
1963-12-01	-0.0566	0.0285	0.0285
1964-01-01	-0.1866	0.0271	0.0271
1964-02-01	-0.2197	0.0257	0.0257
1964-03-01	-0.3794	0.0277	0.0277
1964-04-01	-0.4378	0.0312	0.0312
1964-05-01	-0.3700	0.0338	0.0338
1964-06-01	-0.1658	0.0354	0.0354
1964-07-01	-0.1972	0.0373	0.0373
1964-08-01	-0.2961	0.0369	0.0369
1964-09-01	-0.4002	0.0330	0.0330
1964-10-01	-0.3088	0.0323	0.0323
1964-11-01	-0.2947	0.0282	0.0282
1964-12-01	-0.3692	0.0253	0.0253
1965-01-01	-0.1592	0.0273	0.0273
1965-02-01	-0.2624	0.0286	0.0286
1965-03-01	-0.2567	0.0280	0.0280
1965-04-01	-0.2979	0.0311	0.0311
1965-05-01	-0.1880	0.0355	0.0355
1965-06-01	-0.2048	0.0391	0.0391
1965-07-01	-0.2649	0.0414	0.0414
1965-08-01	-0.1591	0.0378	0.0378
1965-09-01	-0.2443	0.0377	0.0377
1965-10-01	-0.1037	0.0337	0.0337
1965-11-01	-0.1427	0.0303	0.0303
1965-12-01	-0.1438	0.0290	0.0290
1966-01-01	-0.2809	0.0262	0.0262
1966-02-01	-0.1621	0.0272	0.0272
1966-03-01	-0.1698	0.0275	0.0275
1966-04-01	-0.1690	0.0302	0.0302
1966-05-01	-0.2147	0.0319	0.0319
1966-06-01	-0.1013	0.0387	0.0387
1966-07-01	0.0055	0.0428	0.0428
1966-08-01	-0.0965	0.0424	0.0424
1966-09-01	-0.0823	0.0369	0.0369
1966-10-01	-0.2314	0.0311	0.0311
1966-11-01	-0.1042	0.0275	0.0275
1966-12-01	-0.1376	0.0282	0.0282
1967-01-01	-0.2173	0.0248	0.0248
1967-02-01	-0.3252	0.0271	0.0271
1967-03-01	-0.0941	0.0255	0.0255
1967-04-01	-0.1316	0.0294	0.0294
1967-05-01	0.0614	0.0309	0.0309
1967-06-01	-0.1081	0.0374	0.0374
1967-07-01	-0.0667	0.0409	0.0409
1967-08-01	-0.0976	0.0367	0.0367
1967-09-01	-0.1220	0.0362	0.0362
1967-10-01	-0.0173	0.0336	0.0336
1967-11-01	-0.1187	0.0255	0.0255
1967-12-01	-0.1513	0.0231	0.0231
1968-01-01	-0.3182	0.0235	0.0235
1968-02-01	-0.2614	0.0265	0.0265
1968-03-01	0.0014	0.0247	0.0247
1968-04-01	-0.1766	0.0267	0.0267
1968-05-01	-0.2218	0.0309	0.0309
1968-06-01	-0.1484	0.0376	0.0376
1968-07-01	-0.1919	0.0398	0.0398
1968-08-01	-0.1243	0.0403	0.0403
1968-09-01	-0.2212	0.0362	0.0362
1968-10-01	0.0124	0.0350	0.0350
1968-11-01	-0.1306	0.0275	0.0275
1968-12-01	-0.1869	0.0260	0.0260
1969-01-01	-0.1583	0.0225	0.0225
1969-02-01	-0.1929	0.0233	0.0233
1969-03-01	-0.1294	0.0245	0.0245
1969-04-01	0.0513	0.0243	0.0243
1969-05-01	0.0667	0.0285	0.0285
1969-06-01	0.0095	0.0342	0.0342
1969-07-01	-0.1044	0.0335	0.0335
1969-08-01	-0.0677	0.0364	0.0364
1969-09-01	-0.0087	0.0297	0.0297
1969-10-01	0.0037	0.0310	0.0310
1969-11-01	0.0257	0.0256	0.0256
1969-12-01	0.1709	0.0226	0.0226
1970-01-01	0.0149	0.0191	0.0191
1970-02-01	0.0642	0.0224	0.0224
1970-03-01	-0.0887	0.0206	0.0206
1970-04-01	-0.0778	0.0228	0.0228
1970-05-01	-0.1406	0.0270	0.0270
1970-06-01	-0.1364	0.0330	0.0330
1970-07-01	-0.1096	0.0377	0.0377
1970-08-01	-0.1971	0.0380	0.0380
1970-09-01	-0.0290	0.0337	0.0337
1970-10-01	-0.0590	0.0336	0.0336
1970-11-01	-0.0587	0.0246	0.0246
1970-12-01	-0.1904	0.0213	0.0213
1971-01-01	-0.1412	0.0205	0.0205
1971-02-01	-0.2719	0.0216	0.0216
1971-03-01	-0.3368	0.0233	0.0233
1971-04-01	-0.2318	0.0249	0.0249
1971-05-01	-0.1959	0.0342	0.0342
1971-06-01	-0.2580	0.0334	0.0334
1971-07-01	-0.1822	0.0356	0.0356
1971-08-01	-0.1789	0.0390	0.0390
1971-09-01	-0.1223	0.0371	0.0371
1971-10-01	-0.1538	0.0255	0.0255
1971-11-01	-0.1491	0.0244	0.0244
1971-12-01	-0.2270	0.0207	0.0207
1972-01-01	-0.3753	0.0198	0.0198
1972-02-01	-0.2761	0.0207	0.0207
1972-03-01	-0.1395	0.0216	0.0216
1972-04-01	-0.1251	0.0244	0.0244
1972-05-01	-0.0792	0.0330	0.0330
1972-06-01	-0.0297	0.0343	0.0343
1972-07-01	-0.0889	0.0380	0.0380
1972-08-01	0.0667	0.0400	0.0400
1972-09-01	-0.0489	0.0335	0.0335
1972-10-01	-0.0521	0.0270	0.0270
1972-11-01	-0.0477	0.0237	0.0237
1972-12-01	0.1138	0.0211	0.0211
1973-01-01	0.1038	0.0220	0.0220
1973-02-01	0.1618	0.0201	0.0201
1973-03-01	0.1189	0.0237	0.0237
1973-04-01	0.1958	0.0254	0.0254
1973-05-01	0.1107	0.0329	0.0329
1973-06-01	0.1066	0.0303	0.0303
1973-07-01	0.0204	0.0334	0.0334
1973-08-01	-0.0214	0.0369	0.0369
1973-09-01	-0.0320	0.0373	0.0373
1973-10-01	0.0149	0.0298	0.0298
1973-11-01	-0.0230	0.0234	0.0234
1973-12-01	-0.1269	0.0207	0.0207
1974-01-01	-0.2813	0.0201	0.0201
1974-02-01	-0.4434	0.0220	0.0220
1974-03-01	-0.2362	0.0215	0.0215
1974-04-01	-0.1978	0.0247	0.0247
1974-05-01	-0.1276	0.0309	0.0309
1974-06-01	-0.1124	0.0347	0.0347
1974-07-01	-0.1316	0.0360	0.0360
1974-08-01	0.0274	0.0392	0.0392
1974-09-01	-0.0872	0.0378	0.0378
1974-10-01	-0.1078	0.0306	0.0306
1974-11-01	-0.1192	0.0256	0.0256
1974-12-01	-0.2071	0.0195	0.0195
1975-01-01	-0.0904	0.0204	0.0204
1975-02-01	-0.0182	0.0204	0.0204
1975-03-01	-0.0055	0.0218	0.0218
1975-04-01	-0.0451	0.0227	0.0227
1975-05-01	0.0571	0.0300	0.0300
1975-06-01	-0.0558	0.0352	0.0352
1975-07-01	-0.1001	0.0400	0.0400
1975-08-01	-0.2282	0.0374	0.0374
1975-09-01	-0.1354	0.0355	0.0355
1975-10-01	-0.1476	0.0340	0.0340
1975-11-01	-0.2572	0.0242	0.0242
1975-12-01	-0.2454	0.0216	0.0216
1976-01-01	-0.1646	0.0228	0.0228
1976-02-01	-0.2257	0.0235	0.0235
1976-03-01	-0.3324	0.0238	0.0238
1976-04-01	-0.1799	0.0269	0.0269
1976-05-01	-0.3549	0.0318	0.0318
1976-06-01	-0.2311	0.0352	0.0352
1976-07-01	-0.1683	0.0413	0.0413
1976-08-01	-0.2377	0.0401	0.0401
1976-09-01	-0.1484	0.0362	0.0362
1976-10-01	-0.3297	0.0325	0.0325
1976-11-01	-0.1315	0.0273	0.0273
1976-12-01	-0.0253	0.0257	0.0257
1977-01-01	0.1554	0.0228	0.0228
1977-02-01	0.1089	0.0243	0.0243
1977-03-01	0.0797	0.0259	0.0259
1977-04-01	0.1356	0.0261	0.0261
1977-05-01	0.2281	0.0319	0.0319
1977-06-01	0.2104	0.0341	0.0341
1977-07-01	0.1431	0.0400	0.0400
1977-08-01	0.1327	0.0394	0.0394
1977-09-01	-0.0006	0.0378	0.0378
1977-10-01	-0.0150	0.0343	0.0343
1977-11-01	0.1219	0.0259	0.0259
1977-12-01	-0.0390	0.0243	0.0243
1978-01-01	0.0372	0.0211	0.0211
1978-02-01	0.0747	0.0222	0.0222
1978-03-01	0.0597	0.0232	0.0232
1978-04-01	0.0531	0.0270	0.0270
1978-05-01	0.0144	0.0319	0.0319
1978-06-01	-0.0535	0.0350	0.0350
1978-07-01	0.0153	0.0366	0.0366
1978-08-01	-0.2170	0.0389	0.0389
1978-09-01	0.0367	0.0387	0.0387
1978-10-01	-0.0596	0.0339	0.0339
1978-11-01	0.0937	0.0263	0.0263
1978-12-01	0.0113	0.0215	0.0215
1979-01-01	0.0481	0.0187	0.0187
1979-02-01	-0.1812	0.0185	0.0185
1979-03-01	0.0631	0.0181	0.0181
1979-04-01	0.0737	0.0198	0.0198
1979-05-01	-0.0258	0.0227	0.0227
1979-06-01	0.0462	0.0229	0.0229
1979-07-01	0.0163	0.0250	0.0250
1979-08-01	0.1137	0.0318	0.0318
1979-09-01	0.1708	0.0300	0.0300
1979-10-01	0.1428	0.0242	0.0242
1979-11-01	0.2051	0.0209	0.0209
1979-12-01	0.3844	0.0170	0.0170
1980-01-01	0.2486	0.0188	0.0188
1980-02-01	0.3547	0.0186	0.0186
1980-03-01	0.2100	0.0188	0.0188
1980-04-01	0.2305	0.0206	0.0206
1980-05-01	0.2424	0.0226	0.0226
1980-06-01	0.1261	0.0252	0.0252
1980-07-01	0.2021	0.0253	0.0253
1980-08-01	0.1613	0.0290	0.0290
1980-09-01	0.1219	0.0314	0.0314
1980-10-01	0.0906	0.0263	0.0263
1980-11-01	0.2034	0.0240	0.0240
1980-12-01	0.1066	0.0200	0.0200
1981-01-01	0.4420	0.0232	0.0232
1981-02-01	0.3366	0.0171	0.0171
1981-03-01	0.3259	0.0195	0.0195
1981-04-01	0.1935	0.0219	0.0219
1981-05-01	0.1425	0.0225	0.0225
1981-06-01	0.2405	0.0270	0.0270
1981-07-01	0.2661	0.0317	0.0317
1981-08-01	0.3067	0.0308	0.0308
1981-09-01	0.1368	0.0289	0.0289
1981-10-01	0.0515	0.0251	0.0251
1981-11-01	0.1592	0.0216	0.0216
1981-12-01	0.3624	0.0222	0.0222
1982-01-01	-0.0335	0.0251	0.0251
1982-02-01	0.0625	0.0226	0.0226
1982-03-01	-0.1403	0.0241	0.0241
1982-04-01	0.0195	0.0247	0.0247
1982-05-01	0.0871	0.0299	0.0299
1982-06-01	-0.0038	0.0325	0.0325
1982-07-01	0.0735	0.0352	0.0352
1982-08-01	-0.0481	0.0372	0.0372
1982-09-01	0.0120	0.0339	0.0339
1982-10-01	0.0387	0.0306	0.0306
1982-11-01	0.0274	0.0247	0.0247
1982-12-01	0.2765	0.0237	0.0237
1983-01-01	0.3576	0.0209	0.0209
1983-02-01	0.3326	0.0232	0.0232
1983-03-01	0.2453	0.0212	0.0212
1983-04-01	0.1735	0.0238	0.0238
1983-05-01	0.2194	0.0276	0.0276
1983-06-01	0.1631	0.0299	0.0299
1983-07-01	0.1102	0.0306	0.0306
1983-08-01	0.2801	0.0332	0.0332
1983-09-01	0.3230	0.0289	0.0289
1983-10-01	0.1115	0.0274	0.0274
1983-11-01	0.2418	0.0251	0.0251
1983-12-01	0.0920	0.0225	0.0225
1984-01-01	0.1521	0.0218	0.0218
1984-02-01	0.0236	0.0214	0.0214
1984-03-01	0.1444	0.0236	0.0236
1984-04-01	0.0094	0.0221	0.0221
1984-05-01	0.2124	0.0257	0.0257
1984-06-01	-0.0392	0.0301	0.0301
1984-07-01	0.0212	0.0306	0.0306
1984-08-01	0.0912	0.0321	0.0321
1984-09-01	0.1235	0.0298	0.0298
1984-10-01	0.0365	0.0265	0.0265
1984-11-01	-0.0607	0.0222	0.0222
1984-12-01	-0.1620	0.0213	0.0213
1985-01-01	0.1122	0.0219	0.0219
1985-02-01	-0.1042	0.0221	0.0221
1985-03-01	0.0381	0.0229	0.0229
1985-04-01	-0.0010	0.0234	0.0234
1985-05-01	0.0621	0.0240	0.0240
1985-06-01	0.1182	0.0248	0.0248
1985-07-01	-0.0265	0.0260	0.0260
1985-08-01	0.1386	0.0302	0.0302
1985-09-01	0.1149	0.0269	0.0269
1985-10-01	0.0347	0.0251	0.0251
1985-11-01	0.0125	0.0233	0.0233
1985-12-01	0.0522	0.0196	0.0196
1986-01-01	0.1133	0.0220	0.0220
1986-02-01	0.3030	0.0210	0.0210
1986-03-01	0.1312	0.0211	0.0211
1986-04-01	0.1268	0.0201	0.0201
1986-05-01	0.1379	0.0214	0.0214
1986-06-01	0.0373	0.0252	0.0252
1986-07-01	0.0381	0.0283	0.0283
1986-08-01	0.0875	0.0294	0.0294
1986-09-01	0.0207	0.0271	0.0271
1986-10-01	0.0498	0.0243	0.0243
1986-11-01	0.0364	0.0215	0.0215
1986-12-01	0.0258	0.0223	0.0223
1987-01-01	0.2129	0.0206	0.0206
1987-02-01	0.3132	0.0207	0.0207
1987-03-01	0.0985	0.0206	0.0206
1987-04-01	0.1848	0.0223	0.0223
1987-05-01	0.1618	0.0235	0.0235
1987-06-01	0.2604	0.0254	0.0254
1987-07-01	0.3428	0.0240	0.0240
1987-08-01	0.2076	0.0280	0.0280
1987-09-01	0.2595	0.0251	0.0251
1987-10-01	0.2671	0.0236	0.0236
1987-11-01	0.1834	0.0218	0.0218
1987-12-01	0.3664	0.0187	0.0187
1988-01-01	0.4530	0.0203	0.0203
1988-02-01	0.3269	0.0218	0.0218
1988-03-01	0.3805	0.0211	0.0211
1988-04-01	0.3216	0.0232	0.0232
1988-05-01	0.3142	0.0266	0.0266
1988-06-01	0.3294	0.0274	0.0274
1988-07-01	0.2518	0.0274	0.0274
1988-08-01	0.2541	0.0318	0.0318
1988-09-01	0.2531	0.0307	0.0307
1988-10-01	0.2518	0.0258	0.0258
1988-11-01	0.0239	0.0248	0.0248
1988-12-01	0.1712	0.0227	0.0227
1989-01-01	-0.0310	0.0227	0.0227
1989-02-01	0.2337	0.0207	0.0207
1989-03-01	0.1814	0.0215	0.0215
1989-04-01	0.1448	0.0239	0.0239
1989-05-01	0.0338	0.0262	0.0262
1989-06-01	0.0927	0.0271	0.0271
1989-07-01	0.2586	0.0302	0.0302
1989-08-01	0.2504	0.0333	0.0333
1989-09-01	0.2928	0.0334	0.0334
1989-10-01	0.2545	0.0287	0.0287
1989-11-01	0.1086	0.0266	0.0266
1989-12-01	0.2785	0.0245	0.0245
1990-01-01	0.2800	0.0243	0.0243
1990-02-01	0.2734	0.0235	0.0235
1990-03-01	0.6284	0.0235	0.0235
1990-04-01	0.4896	0.0234	0.0234
1990-05-01	0.4007	0.0249	0.0249
1990-06-01	0.3107	0.0257	0.0257
1990-07-01	0.3742	0.0292	0.0292
1990-08-01	0.2744	0.0335	0.0335
1990-09-01	0.2134	0.0290	0.0290
1990-10-01	0.3798	0.0287	0.0287
1990-11-01	0.3525	0.0249	0.0249
1990-12-01	0.2834	0.0213	0.0213
1991-01-01	0.2966	0.0221	0.0221
1991-02-01	0.3997	0.0236	0.0236
1991-03-01	0.2408	0.0226	0.0226
1991-04-01	0.4324	0.0259	0.0259
1991-05-01	0.3078	0.0236	0.0236
1991-06-01	0.4286	0.0256	0.0256
1991-07-01	0.4633	0.0272	0.0272
1991-08-01	0.3615	0.0315	0.0315
1991-09-01	0.3473	0.0293	0.0293
1991-10-01	0.2451	0.0267	0.0267
1991-11-01	0.2492	0.0239	0.0239
1991-12-01	0.2333	0.0227	0.0227
1992-01-01	0.3567	0.0200	0.0200
1992-02-01	0.3431	0.0216	0.0216
1992-03-01	0.3052	0.0226	0.0226
1992-04-01	0.1556	0.0232	0.0232
1992-05-01	0.1640	0.0251	0.0251
1992-06-01	0.1522	0.0290	0.0290
1992-07-01	0.0030	0.0314	0.0314
1992-08-01	0.0349	0.0390	0.0390
1992-09-01	-0.0957	0.0353	0.0353
1992-10-01	-0.0288	0.0270	0.0270
1992-11-01	-0.0403	0.0252	0.0252
1992-12-01	0.0903	0.0219	0.0219
1993-01-01	0.2570	0.0207	0.0207
1993-02-01	0.2742	0.0227	0.0227
1993-03-01	0.2330	0.0246	0.0246
1993-04-01	0.1914	0.0255	0.0255
1993-05-01	0.1912	0.0315	0.0315
1993-06-01	0.1608	0.0323	0.0323
1993-07-01	0.1557	0.0330	0.0330
1993-08-01	0.0783	0.0362	0.0362
1993-09-01	0.0408	0.0367	0.0367
1993-10-01	0.1476	0.0304	0.0304
1993-11-01	0.0604	0.0266	0.0266
1993-12-01	0.1427	0.0245	0.0245
1994-01-01	0.1922	0.0234	0.0234
1994-02-01	0.0024	0.0255	0.0255
1994-03-01	0.2336	0.0228	0.0228
1994-04-01	0.2460	0.0271	0.0271
1994-05-01	0.1984	0.0296	0.0296
1994-06-01	0.3120	0.0312	0.0312
1994-07-01	0.1774	0.0316	0.0316
1994-08-01	0.1679	0.0339	0.0339
1994-09-01	0.2651	0.0289	0.0289
1994-10-01	0.3418	0.0234	0.0234
1994-11-01	0.3497	0.0230	0.0230
1994-12-01	0.2429	0.0220	0.0220
1995-01-01	0.4111	0.0224	0.0224
1995-02-01	0.6332	0.0224	0.0224
1995-03-01	0.3509	0.0221	0.0221
1995-04-01	0.4159	0.0227	0.0227
1995-05-01	0.2585	0.0250	0.0250
1995-06-01	0.3748	0.0265	0.0265
1995-07-01	0.4374	0.0289	0.0289
1995-08-01	0.3868	0.0309	0.0309
1995-09-01	0.2746	0.0294	0.0294
1995-10-01	0.3762	0.0240	0.0240
1995-11-01	0.3672	0.0240	0.0240
1995-12-01	0.1670	0.0219	0.0219
1996-01-01	0.2095	0.0210	0.0210
1996-02-01	0.4539	0.0202	0.0202
1996-03-01	0.2773	0.0210	0.0210
1996-04-01	0.2426	0.0229	0.0229
1996-05-01	0.2336	0.0256	0.0256
1996-06-01	0.2132	0.0267	0.0267
1996-07-01	0.3224	0.0272	0.0272
1996-08-01	0.3511	0.0332	0.0332
1996-09-01	0.2008	0.0323	0.0323
1996-10-01	0.1221	0.0266	0.0266
1996-11-01	0.3082	0.0247	0.0247
1996-12-01	0.3153	0.0211	0.0211
1997-01-01	0.2420	0.0235	0.0235
1997-02-01	0.2881	0.0218	0.0218
1997-03-01	0.3872	0.0219	0.0219
1997-04-01	0.3669	0.0227	0.0227
1997-05-01	0.3103	0.0255	0.0255
1997-06-01	0.4862	0.0266	0.0266
1997-07-01	0.3426	0.0288	0.0288
1997-08-01	0.4036	0.0307	0.0307
1997-09-01	0.4628	0.0281	0.0281
1997-10-01	0.5664	0.0227	0.0227
1997-11-01	0.6075	0.0221	0.0221
1997-12-01	0.5173	0.0210	0.0210
1998-01-01	0.5573	0.0207	0.0207
1998-02-01	0.7910	0.0213	0.0213
1998-03-01	0.5804	0.0218	0.0218
1998-04-01	0.6425	0.0225	0.0225
1998-05-01	0.6317	0.0249	0.0249
1998-06-01	0.6627	0.0276	0.0276
1998-07-01	0.6554	0.0302	0.0302
1998-08-01	0.6472	0.0328	0.0328
1998-09-01	0.4299	0.0290	0.0290
1998-10-01	0.4102	0.0281	0.0281
1998-11-01	0.3753	0.0240	0.0240
1998-12-01	0.4799	0.0201	0.0201
1999-01-01	0.3817	0.0222	0.0222
1999-02-01	0.5945	0.0236	0.0236
1999-03-01	0.2501	0.0217	0.0217
1999-04-01	0.2625	0.0233	0.0233
1999-05-01	0.2410	0.0242	0.0242
1999-06-01	0.3194	0.0289	0.0289
1999-07-01	0.3068	0.0290	0.0290
1999-08-01	0.2986	0.0334	0.0334
1999-09-01	0.2712	0.0305	0.0305
1999-10-01	0.3026	0.0260	0.0260
1999-11-01	0.2789	0.0243	0.0243
1999-12-01	0.3091	0.0198	0.0198
2000-01-01	0.1730	0.0202	0.0202
2000-02-01	0.4892	0.0215	0.0215
2000-03-01	0.4372	0.0214	0.0214
2000-04-01	0.5274	0.0238	0.0238
2000-05-01	0.2987	0.0248	0.0248
2000-06-01	0.3449	0.0252	0.0252
2000-07-01	0.3254	0.0297	0.0297
2000-08-01	0.3741	0.0319	0.0319
2000-09-01	0.3079	0.0346	0.0346
2000-10-01	0.1901	0.0279	0.0279
2000-11-01	0.2410	0.0246	0.0246
2000-12-01	0.1971	0.0209	0.0209
2001-01-01	0.3569	0.0225	0.0225
2001-02-01	0.3846	0.0205	0.0205
2001-03-01	0.5120	0.0235	0.0235
2001-04-01	0.4439	0.0239	0.0239
2001-05-01	0.4828	0.0294	0.0294
2001-06-01	0.4426	0.0262	0.0262
2001-07-01	0.5070	0.0303	0.0303
2001-08-01	0.4994	0.0332	0.0332
2001-09-01	0.4892	0.0322	0.0322
2001-10-01	0.4612	0.0270	0.0270
2001-11-01	0.6861	0.0251	0.0251
2001-12-01	0.5356	0.0227	0.0227
2002-01-01	0.6401	0.0211	0.0211
2002-02-01	0.6341	0.0208	0.0208
2002-03-01	0.7866	0.0203	0.0203
2002-04-01	0.5572	0.0202	0.0202
2002-05-01	0.4972	0.0263	0.0263
2002-06-01	0.4434	0.0244	0.0244
2002-07-01	0.5669	0.0275	0.0275
2002-08-01	0.4958	0.0339	0.0339
2002-09-01	0.4988	0.0294	0.0294
2002-10-01	0.4967	0.0235	0.0235
2002-11-01	0.4878	0.0221	0.0221
2002-12-01	0.3414	0.0189	0.0189
2003-01-01	0.6511	0.0214	0.0214
2003-02-01	0.4807	0.0201	0.0201
2003-03-01	0.4738	0.0222	0.0222
2003-04-01	0.4647	0.0227	0.0227
2003-05-01	0.5142	0.0230	0.0230
2003-06-01	0.4196	0.0235	0.0235
2003-07-01	0.4814	0.0267	0.0267
2003-08-01	0.6109	0.0309	0.0309
2003-09-01	0.5693	0.0314	0.0314
2003-10-01	0.6529	0.0270	0.0270
2003-11-01	0.4900	0.0218	0.0218
2003-12-01	0.6507	0.0210	0.0210
2004-01-01	0.5008	0.0198	0.0198
2004-02-01	0.6285	0.0205	0.0205
2004-03-01	0.5184	0.0215	0.0215
2004-04-01	0.5155	0.0219	0.0219
2004-05-01	0.3473	0.0254	0.0254
2004-06-01	0.3085	0.0259	0.0259
2004-07-01	0.2363	0.0273	0.0273
2004-08-01	0.4592	0.0331	0.0331
2004-09-01	0.4606	0.0313	0.0313
2004-10-01	0.5174	0.0243	0.0243
2004-11-01	0.6462	0.0204	0.0204
2004-12-01	0.4102	0.0199	0.0199
2005-01-01	0.6426	0.0200	0.0200
2005-02-01	0.5272	0.0212	0.0212
2005-03-01	0.6398	0.0208	0.0208
2005-04-01	0.6256	0.0215	0.0215
2005-05-01	0.5495	0.0232	0.0232
2005-06-01	0.5671	0.0242	0.0242
2005-07-01	0.5531	0.0273	0.0273
2005-08-01	0.5818	0.0296	0.0296
2005-09-01	0.6307	0.0289	0.0289
2005-10-01	0.6800	0.0254	0.0254
2005-11-01	0.6357	0.0211	0.0211
2005-12-01	0.5946	0.0198	0.0198
2006-01-01	0.4943	0.0204	0.0204
2006-02-01	0.6356	0.0192	0.0192
2006-03-01	0.5313	0.0212	0.0212
2006-04-01	0.4758	0.0202	0.0202
2006-05-01	0.4638	0.0218	0.0218
2006-06-01	0.5698	0.0262	0.0262
2006-07-01	0.4758	0.0262	0.0262
2006-08-01	0.6309	0.0289	0.0289
2006-09-01	0.5450	0.0299	0.0299
2006-10-01	0.6095	0.0239	0.0239
2006-11-01	0.6548	0.0202	0.0202
2006-12-01	0.7095	0.0202	0.0202
2007-01-01	0.8886	0.0190	0.0190
2007-02-01	0.6300	0.0203	0.0203
2007-03-01	0.5827	0.0208	0.0208
2007-04-01	0.7175	0.0207	0.0207
2007-05-01	0.5720	0.0230	0.0230
2007-06-01	0.4968	0.0219	0.0219
2007-07-01	0.5594	0.0252	0.0252
2007-08-01	0.5793	0.0281	0.0281
2007-09-01	0.5064	0.0294	0.0294
2007-10-01	0.5534	0.0258	0.0258
2007-11-01	0.5283	0.0201	0.0201
2007-12-01	0.4117	0.0205	0.0205
2008-01-01	0.2036	0.0187	0.0187
2008-02-01	0.2604	0.0207	0.0207
2008-03-01	0.6034	0.0214	0.0214
2008-04-01	0.4406	0.0209	0.0209
2008-05-01	0.4278	0.0218	0.0218
2008-06-01	0.3775	0.0261	0.0261
2008-07-01	0.5309	0.0280	0.0280
2008-08-01	0.4517	0.0331	0.0331
2008-09-01	0.5451	0.0312	0.0312
2008-10-01	0.5895	0.0229	0.0229
2008-11-01	0.6175	0.0213	0.0213
2008-12-01	0.4623	0.0205	0.0205
2009-01-01	0.5805	0.0188	0.0188
2009-02-01	0.4573	0.0183	0.0183
2009-03-01	0.4392	0.0200	0.0200
2009-04-01	0.5207	0.0201	0.0201
2009-05-01	0.5476	0.0217	0.0217
2009-06-01	0.6205	0.0247	0.0247
2009-07-01	0.6761	0.0271	0.0271
2009-08-01	0.6189	0.0288	0.0288
2009-09-01	0.6767	0.0266	0.0266
2009-10-01	0.6174	0.0238	0.0238
2009-11-01	0.6935	0.0218	0.0218
2009-12-01	0.6317	0.0216	0.0216
2010-01-01	0.7063	0.0188	0.0188
2010-02-01	0.7791	0.0204	0.0204
2010-03-01	0.8514	0.0198	0.0198
2010-04-01	0.8191	0.0209	0.0209
2010-05-01	0.7077	0.0221	0.0221
2010-06-01	0.6430	0.0236	0.0236
2010-07-01	0.6112	0.0269	0.0269
2010-08-01	0.6089	0.0301	0.0301
2010-09-01	0.5602	0.0267	0.0267
2010-10-01	0.6386	0.0221	0.0221
2010-11-01	0.7283	0.0222	0.0222
2010-12-01	0.4299	0.0190	0.0190
2011-01-01	0.4519	0.0206	0.0206
2011-02-01	0.4231	0.0185	0.0185
2011-03-01	0.5489	0.0211	0.0211
2011-04-01	0.5910	0.0212	0.0212
2011-05-01	0.4381	0.0201	0.0201
2011-06-01	0.5415	0.0230	0.0230
2011-07-01	0.6393	0.0268	0.0268
2011-08-01	0.6508	0.0275	0.0275
2011-09-01	0.5358	0.0251	0.0251
2011-10-01	0.5743	0.0226	0.0226
2011-11-01	0.5068	0.0217	0.0217
2011-12-01	0.4898	0.0213	0.0213
2012-01-01	0.3647	0.0198	0.0198
2012-02-01	0.4557	0.0234	0.0234
2012-03-01	0.4160	0.0203	0.0203
2012-04-01	0.6034	0.0205	0.0205
2012-05-01	0.6515	0.0235	0.0235
2012-06-01	0.6251	0.0246	0.0246
2012-07-01	0.5659	0.0262	0.0262
2012-08-01	0.6452	0.0350	0.0350
2012-09-01	0.6352	0.0304	0.0304
2012-10-01	0.7239	0.0259	0.0259
2012-11-01	0.7158	0.0217	0.0217
2012-12-01	0.4558	0.0200	0.0200
2013-01-01	0.6024	0.0209	0.0209
2013-02-01	0.5189	0.0204	0.0204
2013-03-01	0.5760	0.0211	0.0211
2013-04-01	0.5657	0.0244	0.0244
2013-05-01	0.5511	0.0275	0.0275
2013-06-01	0.6564	0.0278	0.0278
2013-07-01	0.5848	0.0296	0.0296
2013-08-01	0.6362	0.0327	0.0327
2013-09-01	0.7190	0.0287	0.0287
2013-10-01	0.6479	0.0265	0.0265
2013-11-01	0.7649	0.0234	0.0234
2013-12-01	0.6004	0.0227	0.0227
2014-01-01	0.6645	0.0238	0.0238
2014-02-01	0.4831	0.0208	0.0208
2014-03-01	0.6806	0.0215	0.0215
2014-04-01	0.7297	0.0233	0.0233
2014-05-01	0.7280	0.0217	0.0217
2014-06-01	0.6138	0.0267	0.0267
2014-07-01	0.5813	0.0267	0.0267
2014-08-01	0.7286	0.0293	0.0293
2014-09-01	0.7607	0.0265	0.0265
2014-10-01	0.7378	0.0264	0.0264
2014-11-01	0.6286	0.0217	0.0217
2014-12-01	0.6775	0.0177	0.0177
2015-01-01	0.7322	0.0205	0.0205
2015-02-01	0.7729	0.0203	0.0203
2015-03-01	0.7874	0.0234	0.0234
2015-04-01	0.6843	0.0237	0.0237
2015-05-01	0.7258	0.0228	0.0228
2015-06-01	0.7518	0.0261	0.0261
2015-07-01	0.7096	0.0264	0.0264
2015-08-01	0.7994	0.0312	0.0312
2015-09-01	0.8179	0.0277	0.0277
2015-10-01	1.0137	0.0255	0.0255
2015-11-01	0.9855	0.0216	0.0216
2015-12-01	1.0351	0.0218	0.0218
2016-01-01	1.0793	0.0197	0.0197
2016-02-01	1.2161	0.0201	0.0201
2016-03-01	1.1764	0.0205	0.0205
2016-04-01	1.0230	0.0204	0.0204
2016-05-01	0.8734	0.0223	0.0223
2016-06-01	0.7691	0.0228	0.0228
2016-07-01	0.7612	0.0253	0.0253
2016-08-01	0.9397	0.0273	0.0273
2016-09-01	0.8369	0.0260	0.0260
2016-10-01	0.8117	0.0257	0.0257
2016-11-01	0.8390	0.0210	0.0210
2016-12-01	0.7721	0.0200	0.0200
2017-01-01	0.9470	0.0202	0.0202
2017-02-01	1.0622	0.0192	0.0192
2017-03-01	1.0444	0.0200	0.0200
2017-04-01	0.8352	0.0217	0.0217
2017-05-01	0.7755	0.0221	0.0221
2017-06-01	0.6497	0.0239	0.0239
2017-07-01	0.7935	0.0271	0.0271
2017-08-01	0.8019	0.0310	0.0310
2017-09-01	0.7227	0.0257	0.0257
2017-10-01	0.8041	0.0243	0.0243
2017-11-01	0.7948	0.0217	0.0217
2017-12-01	0.8065	0.0199	0.0199
2018-01-01	0.7073	0.0176	0.0176
2018-02-01	0.7763	0.0201	0.0200
2018-03-01	0.7757	0.0198	0.0198
2018-04-01	0.8108	0.0222	0.0222
2018-05-01	0.7014	0.0216	0.0216
2018-06-01	0.7268	0.0246	0.0246
2018-07-01	0.7242	0.0283	0.0283
2018-08-01	0.7335	0.0306	0.0306
2018-09-01	0.6766	0.0262	0.0262
2018-10-01	0.8582	0.0247	0.0247
2018-11-01	0.7319	0.0210	0.0210
2018-12-01	0.8156	0.0196	0.0196
2019-01-01	0.8132	0.0208	0.0208
2019-02-01	0.8345	0.0225	0.0225
2019-03-01	1.0769	0.0215	0.0215
2019-04-01	0.9251	0.0219	0.0219
2019-05-01	0.7766	0.0232	0.0232
2019-06-01	0.8078	0.0279	0.0279
2019-07-01	0.8515	0.0282	0.0282
2019-08-01	0.8364	0.0306	0.0306
2019-09-01	0.8134	0.0289	0.0289
2019-10-01	0.9541	0.0243	0.0243
2019-11-01	0.9330	0.0213	0.0213
2019-12-01	1.0256	0.0216	0.0216
2020-01-01	1.0581	0.0210	0.0210
2020-02-01	1.1097	0.0199	0.0199
2020-03-01	1.0748	0.0230	0.0230
2020-04-01	1.0499	0.0227	0.0227
2020-05-01	0.8944	0.0249	0.0249
2020-06-01	0.8113	0.0326	0.0326
2020-07-01	0.8217	0.0295	0.0295
2020-08-01	0.8095	0.0292	0.0292
2020-09-01	0.8666	0.0288	0.0288
2020-10-01	0.7993	0.0246	0.0246
2020-11-01	1.0072	0.0243	0.0243
2020-12-01	0.6923	0.0231	0.0231
2021-01-01	0.7070	0.0233	0.0233
2021-02-01	0.5647	0.0211	0.0211
2021-03-01	0.7374	0.0244	0.0244
2021-04-01	0.7573	0.0226	0.0226
2021-05-01	0.6982	0.0246	0.0246
2021-06-01	0.7178	0.0265	0.0265
2021-07-01	0.7910	0.0316	0.0316
2021-08-01	0.8094	0.0316	0.0316
2021-09-01	0.8747	0.0274	0.0274
2021-10-01	0.9278	0.0255	0.0255
2021-11-01	0.8644	0.0256	0.0256
2021-12-01	0.7581	0.0227	0.0227
2022-01-01	0.7816	0.0227	0.0227
2022-02-01	0.7527	0.0242	0.0242
2022-03-01	0.8898	0.0214	0.0214
2022-04-01	0.7672	0.0261	0.0261
2022-05-01	0.7497	0.0257	0.0257
2022-06-01	0.8475	0.0276	0.0276
2022-07-01	0.7776	0.0296	0.0296
2022-08-01	0.8753	0.0311	0.0311
2022-09-01	0.8160	0.0306	0.0306
2022-10-01	0.9506	0.0289	0.0289
2022-11-01	0.6687	0.0241	0.0241
2022-12-01	0.7452	0.0226	0.0226
2023-01-01	0.7827	0.0227	0.0227
2023-02-01	0.8863	0.0236	0.0236
2023-03-01	1.1295	0.0230	0.0230
2023-04-01	0.9248	0.0232	0.0232
2023-05-01	0.8798	0.0258	0.0258
2023-06-01	1.0592	0.0271	0.0271
2023-07-01	1.1612	0.0301	0.0301
2023-08-01	1.2127	0.0331	0.0331
2023-09-01	1.3481	0.0306	0.0306
2023-10-01	1.3267	0.0290	0.0290
2023-11-01	1.3421	0.0296	0.0296
2023-12-01	1.2644	0.0262	0.0262
2024-01-01	1.1459	0.0254	0.0254
2024-02-01	1.2757	0.0237	0.0237
2024-03-01	1.2212	0.0266	0.0266
2024-04-01	1.2070	0.0237	0.0237
2024-05-01	1.0613	0.0270	0.0270
2024-06-01	1.0936	0.0279	0.0279
2024-07-01	1.1301	0.0295	0.0295
2024-08-01	1.2156	0.0309	0.0309
2024-09-01	1.1435	0.0309	0.0309
2024-10-01	1.2006	0.0290	0.0290
2024-11-01	1.2102	0.0281	0.0281
2024-12-01	1.1292	0.0286	0.0286
2025-01-01	1.2564	0.0241	0.0241
2025-02-01	1.1164	0.0259	0.0259
2025-03-01	1.1612	0.0278	0.0278
2025-04-01	1.0905	0.0271	0.0271
2025-05-01	0.9524	0.0271	0.0271
2025-06-01	0.8823	0.0325	0.0325
2025-07-01	0.9311	0.0283	0.0283
2025-08-01	1.0157	0.0317	0.0317
2025-09-01	1.1023	0.0307	0.0307
2025-10-01	1.0901	0.0281	0.0281
2025-11-01	1.0748	0.0331	0.0331
2025-12-01	0.9245	0.0281	0.0281
2026-01-01	0.9978	0.0261	0.0261
2026-02-01	1.0495	0.0261	0.0261
2026-03-01	1.0496	0.0292	0.0292
